tree
version=v4
num_class=1
num_tree_per_iteration=1
label_index=0
max_feature_idx=9
objective=lambdarank
feature_names=user_click_count user_hist_recency_sum session_clicks_1h session_clicks_24h category_match cat_affinity freshness_days article_popularity emb_score emb_max_sim
feature_infos=[0:50] [0:49.999942779541016] [0:50] [0:50] [0:1] [0:1] none [0:0.99963849782943726] [-0.20369707047939301:0.91104674339294434] [-0.17712563276290894:1.0000003576278687]
tree_sizes=3546 3529 3524 3547 3534 3542 3524 3511 3524 3518 3523 3536 3535 3514 3521 3564 3537 3526 3512 3493 3545 3512 3548 3522 3515 3543 3528

Tree=0
num_leaves=31
num_cat=0
split_feature=8 8 8 0 9 9 5 9 0 5 5 9 5 1 0 8 5 1 9 5 1 9 1 1 8 9 9 8 8 7
split_gain=2769.01 513.366 321.769 171.728 136.321 125.204 116.716 77.4012 110.328 73.9266 67.2721 48.7883 42.8847 37.4685 36.506 34.3122 33.8664 30.2311 25.9455 25.5086 25.0991 24.6026 20.9569 20.5425 19.7913 19.2399 18.9611 18.7433 18.6249 19.5209
threshold=0.19773352891206744 0.31942288577556616 0.13166315108537677 5.5000000000000009 0.3284102082252503 0.25310683250427252 0.12372449040412904 0.27261693775653845 15.500000000000002 0.037749288603663451 0.069366481155157103 0.40493243932724005 0.079473681747913374 16.999319076538089 10.500000000000002 0.24178999662399295 0.10471491143107416 17.47857761383057 0.34058488905429846 0.044949496164917953 1.628479063510895 0.17876747250556949 12.287988662719728 49.999197006225593 0.0025986132677644496 0.11446216702461244 0.41465441882610327 0.011765103787183763 0.051267115399241454 0.98083293437957775
decision_type=2 2 2 2 2 2 2 2 2 2 2 2 2 2 2 2 2 2 2 2 2 2 2 2 2 2 2 2 2 2
left_child=2 4 3 20 10 9 18 8 -4 13 14 -8 -9 24 -2 22 -6 25 -3 -10 -1 27 -12 -23 -5 -11 -18 -19 29 -22
right_child=1 6 7 5 16 -7 11 12 19 17 15 -13 -14 -15 -16 -17 26 21 -20 -21 28 23 -24 -25 -26 -27 -28 -29 -30 -31
leaf_value=-0.00096148096644665308 0.013968282689425404 0.0081191506479716402 0.00083542319240624942 -0.04798630703863091 0.015430042854620581 -0.010583887315301336 0.040358518736839495 -0.0074798169484344692 -0.029476005310831305 -0.032138777125256167 0.016536451659376037 0.056601837374238829 0.012987044457826405 -0.048398691966879792 -0.0066033032945424759 0.019443274178630874 0.025975054569152802 -0.058706542357736494 0.030497870128926408 -0.014733993079966487 -0.021412185889001251 -0.023826038446123146 0.0020225059993254158 -0.066638463338810003 -0.030040902189833685 -0.016710213063227782 0.039271357968450167 -0.034849591645097731 -0.007977811670382258 0.041561745682700504
leaf_weight=552.49243485700572 289.80008606957563 202.9881392907846 1310.3392960530036 188.19538531659782 527.41510987447691 865.9091665938904 929.39188067046052 385.32113658297749 439.71003940231094 258.95165715210896 384.78199131120346 919.78104345977772 762.24398732637201 691.29790291874815 842.96586078923428 1188.6700702548733 756.60526717052562 109.17368600796908 357.84265327677713 882.0892432194305 590.20285780083941 662.81105084487353 703.31505152584577 29.255778298356745 836.78199591975135 919.81921408001654 415.30554584967467 334.8285146500566 668.23591059153841 12.56809655818506
leaf_count=20313 9193 6969 45650 10250 17906 35912 21935 15543 21018 12534 11428 17776 25353 38697 32718 35854 21976 6518 10407 36608 24822 30546 25097 1916 39760 38857 10650 16926 24543 328
internal_value=0.000193366 0.023356 -0.0163927 -0.0229567 0.0143827 -0.0278339 0.0423782 -0.00472147 -0.00944589 -0.0315393 0.00861663 0.048438 0.00611483 -0.039403 -0.00134039 0.0135706 0.0259518 -0.025709 0.0223981 -0.0196381 -0.00985877 -0.0315294 0.00715505 -0.0256359 -0.0333358 -0.0200996 0.030687 -0.0407157 -0.0137263 -0.0200991
internal_weight=18019.1 7518.86 10500.2 6720.52 5108.86 4897.02 2410 3779.7 2632.14 4031.12 3409.53 1849.17 1147.57 1716.28 1132.77 2276.77 1699.33 2314.84 560.831 1321.8 1823.5 1136.07 1088.1 692.067 1024.98 1178.77 1171.91 444.002 1271.01 602.771
internal_count=668003 221909 446094 301922 164822 231916 57087 144172 103276 196004 114290 39711 40896 88707 41911 72379 50532 107297 17376 57626 70006 55906 36525 32462 50010 51391 32626 23444 49693 25150
is_linear=0
shrinkage=0.05


Tree=1
num_leaves=31
num_cat=0
split_feature=9 8 8 1 7 7 7 7 9 9 7 8 7 7 0 0 9 3 3 0 7 5 8 0 8 5 1 5 9 7
split_gain=1353.98 323.262 191.641 328.23 157.851 259.445 149.282 149.679 100.936 97.1331 84.7844 84.6884 81.0551 70.6623 69.7649 68.4998 66.986 61.3974 60.8375 56.02 57.8904 46.8407 46.4796 46.0189 45.8848 43.1154 42.4303 42.3955 42.3282 41.7464
threshold=0.27376052737236029 0.39413306117057806 0.11284141987562181 7.3733773231506357 0.49660341441631323 0.81820303201675426 0.99212232232093822 0.63698601722717296 0.56210488080978405 0.44858516752719885 0.83804789185523998 0.035629669204354293 0.99212232232093822 0.99881005287170421 12.500000000000002 33.500000000000007 0.2127259895205498 3.5000000000000004 13.500000000000002 16.500000000000004 0.93687301874160778 0.40212766826152807 0.31612667441368109 4.5000000000000009 0.10045482218265535 0.2299679517745972 13.852312564849855 0.059411764144897468 0.71603280305862438 0.94047296047210704
decision_type=2 2 2 2 2 2 2 2 2 2 2 2 2 2 2 2 2 2 2 2 2 2 2 2 2 2 2 2 2 2
left_child=2 4 3 23 9 17 7 8 -3 -2 -9 -5 14 -14 -7 -12 19 26 21 20 25 29 -11 -1 -25 -4 -6 -13 -20 -16
right_child=1 6 16 11 5 12 -8 10 -10 22 15 27 13 -15 18 -17 -18 -19 28 -21 -22 -23 -24 24 -26 -27 -28 -29 -30 -31
leaf_value=5.2959903751548335e-05 0.0056895912360867733 0.018565554158537657 -0.00965617689143786 -0.029034536451150346 -0.014052616924719841 0.016648607777107333 0.068075313125256318 -0.028670163816838873 0.04051494119063101 0.021843644148607622 0.020802536928740779 -0.022131608237763375 0.040831972090520773 -0.020521246323338984 -0.0026751300208311519 -0.017633956431205286 -0.0014761953911962926 -0.015413482899598081 0.0047969865802799279 -0.01471644981726266 0.014826532928083322 -0.087399773898929806 0.0089879294443917304 -0.011955874382581042 0.010631731247855016 -0.00026712711145869224 -0.050053499538861602 -0.012035487466793568 -0.055308659141936195 -0.030362398010580677
leaf_weight=3310.9919087972085 17314.149612068664 3091.2663369512884 3546.9243233602028 1964.4460730709834 111.46432059654035 530.12861087184865 155.12793198553845 215.70228206960019 630.62396684591658 1471.1503505310975 361.82442338461988 1853.5125319019426 238.84349476359785 58.40653505618684 323.60392299061641 170.5553117756499 9572.8103746384149 584.20133607578464 1000.1156377083389 2091.3973899631528 340.80663517094217 22.824543582974002 1346.7004036335275 1919.4084492949769 254.66893321136013 1865.9807611823198 307.99398470716551 2368.5133014757885 30.175084267742932 235.0195016033249
leaf_count=52320 141970 12382 39989 53518 954 3759 274 1414 1638 9195 1509 47635 1208 608 4211 1186 114564 7573 12095 39792 3934 317 4894 34138 3563 15753 4486 49014 347 3823
internal_value=-3.70579e-05 0.00776993 -0.0076053 -0.012563 0.00539877 -0.00449493 0.0198561 0.0181826 0.0222846 0.00709069 -0.00222558 -0.0204582 0.00430979 0.0287767 0.00091425 0.00848887 -0.0042832 -0.0258924 -0.00426105 -0.00770839 -0.00516105 -0.0171921 0.0156997 -0.00365816 -0.00930999 -0.00641951 -0.0404868 -0.0164678 0.00303662 -0.0143235
internal_weight=57289.3 28199.9 29089.5 11671.5 23574.8 3442.78 4625.1 4469.97 3721.89 20132 748.082 6186.47 2439.12 297.25 2141.87 532.38 17417.9 1003.66 1611.74 7845.11 5753.71 581.448 2817.85 5485.07 2174.08 5412.91 419.458 4222.03 1030.29 558.623
internal_count=668063 213843 454220 240188 195440 39381 18403 18129 14020 156059 4109 150167 26368 1816 24552 2695 214032 13013 20793 99468 59676 8351 14089 90021 37701 55742 5440 96649 12442 8034
is_linear=0
shrinkage=0.05


Tree=2
num_leaves=31
num_cat=0
split_feature=8 8 5 9 1 9 9 7 0 5 8 9 1 9 7 9 8 7 7 1 8 7 7 1 0 7 1 0 1 1
split_gain=1080.8 334.225 240.657 198.181 141.53 103.96 70.0385 69.7598 63.889 58.8647 55.5488 46.0479 44.7333 43.5417 42.8751 40.1003 39.9205 39.4538 62.2135 39.4053 35.2156 34.9592 29.4332 29.3423 28.9711 35.7869 28.1255 26.5763 26.105 48.3579
threshold=0.27194514870643621 0.11391146108508111 0.21132376790046695 0.56210488080978405 7.3733773231506357 0.20186370611190799 0.60599055886268627 0.99862930178642284 26.500000000000004 0.10471491143107416 0.39413306117057806 0.17876747250556949 6.7378067970275888 0.26101143658161169 0.89575240015983593 0.1229846552014351 0.413582593202591 1.0000000180025095e-35 0.83804789185523998 10.758146762847902 -0.06286457926034926 0.85946679115295421 0.60793796181678783 1.9570837020874026 22.500000000000004 0.99438166618347179 15.944092750549318 27.500000000000004 27.462225914001468 29.867863655090336
decision_type=2 2 2 2 2 2 2 2 2 2 2 2 2 2 2 2 2 2 2 2 2 2 2 2 2 2 2 2 2 2
left_child=1 4 -2 10 14 8 9 16 15 12 27 26 -3 -14 22 -6 21 -7 -19 -12 -16 28 23 -1 -13 -26 -11 -4 -5 -30
right_child=2 6 3 7 5 17 -8 -9 -10 11 19 24 13 -15 20 -17 -18 18 -20 -21 -22 -23 -24 -25 25 -27 -28 -29 29 -31
leaf_value=0.0010962715194945303 0.002990504251141671 0.0016725150553802616 0.013304455220708174 0.034077138420122104 -0.026283190714591637 -0.0064161935791827831 0.025384752961547442 0.066396173522245458 -0.031562639288269821 -0.0054099529550257382 0.031786086830965975 0.0035463337675955353 -0.0097265754254361875 -0.0025184385168067966 -0.085800201844754093 -0.013347475087877349 0.037642850247326193 -0.042407767925066064 -0.004418699652982425 0.015973555345013737 0.011556808656083037 -0.044170724822608386 -0.02153868477230185 -0.0080688314010118941 -0.00087584959430300779 -0.049561164647678208 -0.026686092160437547 0.0070510745852833713 -0.10224160982658337 0.01328544128304843
leaf_weight=1125.7844515281322 6725.3492103917524 2285.1298758141929 3594.3351082698209 180.14659894630313 885.83420805353671 2320.9478151696967 240.8165042148903 150.86355803906918 1153.826191759319 1351.165827501798 488.03471807949245 6894.7661992884241 4305.3180972560076 4080.9714868976735 9.4971322871278954 1850.95540505182 624.64980529621243 209.67981670843437 221.74691102653742 2044.7286951472051 422.59490771358833 22.001910338643938 325.04262388747884 3893.705972389318 6095.7257351647713 37.980892373481765 175.50601153506432 3222.167863677023 9.5979805439710599 161.05223471974023
leaf_count=19383 52685 22919 18159 530 25285 46613 1258 230 41323 14071 1613 56819 77727 53319 292 43539 1655 6061 6236 8348 6799 217 7307 57591 73154 431 4031 19773 72 653
internal_value=-1.0606e-05 -0.00473163 0.0103747 0.0151054 -0.0114565 -0.0164338 -0.00145214 0.0347081 -0.0216947 -0.00170833 0.0126978 0.000359771 -0.00452908 -0.00621892 -0.00573267 -0.0175345 0.0299153 -0.00899715 -0.022882 0.0190205 0.00941696 0.0169673 -0.00695748 -0.00601326 0.00132247 -0.00117732 -0.00785586 0.0103485 0.0208018 0.00678779
internal_weight=55109.9 37887 17222.9 10497.6 12419.6 6642.99 25467.4 1148.31 3890.62 25226.6 9349.27 14555.1 10671.4 8386.29 5776.63 2736.79 997.449 2752.37 431.427 2532.76 432.092 372.799 5344.53 5019.49 13028.5 6133.71 1526.67 6816.5 350.797 170.65
internal_count=668093 564158 103935 51250 260429 169057 303729 3357 110147 302471 47893 148506 153965 131046 91372 68824 3127 58910 12297 9961 7091 1472 84281 76974 130404 73585 18102 37932 1255 725
is_linear=0
shrinkage=0.05


Tree=3
num_leaves=31
num_cat=0
split_feature=9 8 8 1 8 7 8 5 1 5 9 5 7 7 7 7 8 9 1 7 5 0 1 8 8 7 7 5 1 9
split_gain=969.01 297.92 195.597 218.251 145.271 98.0953 69.4704 64.5753 56.0701 53.7313 51.2495 47.4986 36.7791 68.6818 35.1883 32.9497 32.3245 30.4303 30.2431 29.527 29.197 39.1788 36.5911 28.9659 28.7742 27.5111 38.4677 30.6276 50.713 26.2055
threshold=0.29085536301136022 0.35100923478603369 0.15996962040662768 6.7378067970275888 0.49836425483226782 0.99212232232093822 0.048253154382109649 0.032795699313282974 15.003796577453615 0.27386364340782171 0.60599055886268627 0.16064515709877017 1.0000000180025095e-35 0.93035095930099498 0.99313899874687206 0.94516494870185863 -0.0088455341756343824 0.18288533389568332 10.001049995422365 0.99862930178642284 0.38047619163990026 21.500000000000004 20.249071121215824 0.23532772064208987 0.28544640541076666 0.93369480967521679 0.99822261929512035 0.063164893537759795 10.589842319488527 0.19489932060241702
decision_type=2 2 2 2 2 2 2 2 2 2 2 2 2 2 2 2 2 2 2 2 2 2 2 2 2 2 2 2 2 2
left_child=2 10 3 16 5 9 14 8 17 -3 11 -2 20 -14 -5 -15 -1 -4 -11 -6 29 -22 -23 -10 -24 -8 27 28 -27 -9
right_child=1 4 7 6 19 -7 25 12 23 18 -12 -13 13 15 -16 -17 -18 -19 -20 -21 21 22 24 -25 -26 26 -28 -29 -30 -31
leaf_value=-0.01221448603641963 0.00015886954316205913 0.0069531973570906794 -0.01383913089436186 -0.023026846743350034 0.034382218572612415 0.049933865474556936 -0.013001666572554091 -0.0088349036540785464 -0.023164880180760832 0.025932283646324678 0.019177513683443989 0.0056210002405599653 -0.019137645516847639 0.026237782885244781 0.037480305142007168 -0.0026462893414914233 -0.0020162960117347754 0.00030190642911017703 0.014172248485882007 0.081724661275573277 0.010169083771754888 -0.041295183723334176 -0.0070013984298375968 -0.0061697594570750023 0.016218598555307492 0.029317958120257129 -0.039052274063287401 0.023739055529486165 -0.025133131603450477 0.0010298993908536126
leaf_weight=880.70446448144503 7083.3134309875895 2629.831124616554 493.34084802679718 2197.5873865959002 727.5049906745553 179.07539675850421 6948.3669565437594 768.89774026628584 680.46110250498168 669.11066745407879 519.85436438792385 9085.0074569370481 611.88665378512815 144.39494944247417 24.294020367320627 312.24643126968294 6599.1591160807875 1662.3523984360509 2988.3444876016583 34.496760703623295 1782.1780727553414 59.388976825866848 461.813567267498 396.97915864665993 187.6248279614374 64.96580663183704 52.894042074680328 149.28915062185843 125.10646507143974 5410.1541979144095
leaf_count=15125 78667 15883 6248 71008 2437 438 153768 10070 15216 2510 2572 64757 11175 1466 392 4486 86589 17514 13080 41 11809 783 6635 6427 1304 1104 987 2892 4665 58167
internal_value=-0.000110497 0.0073976 -0.00609328 -0.00961473 0.0158768 0.0134435 -0.014619 -0.00146675 -0.00758942 0.0124042 0.00372489 0.00322805 0.000565927 -0.00818674 -0.0223653 0.00648717 -0.00321707 -0.00293434 0.0163237 0.0365255 0.00164464 0.00621448 -0.00372842 -0.0169031 -0.000293067 -0.0122744 0.000608528 0.0067902 -0.00652201 -0.000197639
internal_weight=53930.6 23916.5 30014.1 17042.4 7228.36 6466.36 9562.5 12971.7 3233.13 6287.29 16688.2 16168.3 9738.59 1068.53 2221.88 456.641 7479.86 2155.69 3657.46 762.002 8670.06 2491.01 708.827 1077.44 649.438 7340.62 392.255 339.361 190.072 6179.05
internal_count=668215 180385 487830 336530 34389 31911 234816 151300 45405 31473 145996 143424 105895 17127 71400 5952 101714 23762 15590 2478 88768 20531 8722 21643 7939 163416 9648 8661 5769 68237
is_linear=0
shrinkage=0.05


Tree=4
num_leaves=31
num_cat=0
split_feature=9 9 1 5 9 7 1 9 7 7 5 5 0 7 7 9 7 7 1 3 1 7 5 0 7 9 5 7 1 5
split_gain=828.193 165.277 221.305 162.039 172.089 61.4895 53.3148 73.8909 51.8938 101.748 40.7059 36.7913 61.2383 36.5833 38.6665 41.919 35.2096 35.193 63.3817 31.8971 31.0896 30.3344 29.8197 27.1546 27.0562 26.8543 26.7909 51.129 26.7675 26.6531
threshold=0.33441087603569036 0.20871283859014514 16.001087665557865 0.19098278135061267 0.56210488080978405 0.99862930178642284 3.2677227258682255 0.12620465457439425 0.49660341441631323 0.86971682310104381 0.032795699313282974 0.022991543635725979 19.500000000000004 0.97875431180000316 0.63698601722717296 0.41934216022491461 0.73962944746017467 0.94279256463050853 1.9570837020874026 2.5000000000000004 5.9997868537902841 0.81339809298515331 0.037749288603663451 7.5000000000000009 0.94158759713172924 0.35653078556060797 0.079473681747913374 0.99212232232093822 6.2534449100494394 0.8410526216030122
decision_type=2 2 2 2 2 2 2 2 2 2 2 2 2 2 2 2 2 2 2 2 2 2 2 2 2 2 2 2 2 2
left_child=1 2 6 28 13 16 17 20 11 22 -4 12 -3 14 29 -16 -6 -1 -19 -11 -8 -17 -10 -24 -22 -15 27 -9 -2 -5
right_child=3 8 10 4 5 -7 7 26 9 19 -12 -13 -14 25 15 21 -18 18 -20 -21 24 -23 23 -25 -26 -27 -28 -29 -30 -31
leaf_value=0.0005133430134923022 0.016904456822543833 0.00064486833458194228 -0.028516845791459845 0.010920854422289404 0.03041504376827155 0.061179564430728285 -0.0091436506064534028 -0.0089258078896666624 -0.038993572718728643 -0.013824840855197348 -0.016157640578052915 0.00075228583508508712 -0.013164116689300448 -0.048224195040545571 -0.014445434769493642 -0.01479548312586681 0.0061789194896836111 -0.04112251647968132 0.0052608506480026048 0.0038005197140429403 -0.02201982703906058 0.01894343726653186 0.0093247902807808165 -0.020932160874712294 0.0073568589399182448 0.043226569457475113 -0.0011121751279445321 0.045299739034401154 0.0024830428109671909 0.02874020578937346
leaf_weight=4080.0466432620306 339.2594086737372 1935.0063859749353 993.72276986890938 7685.4371267009992 947.17450523842126 144.95781050249934 1327.3322850788245 2579.7793874341296 200.24054960685316 333.83574865222909 2021.4537608416285 14696.442608353565 1372.2050600686343 8.5967535786330682 313.36325099226087 88.511214833473787 178.02152978838421 143.86247131810524 150.91060962574556 1110.8524294945528 1188.2859942523064 269.38285647984594 85.603326169541106 554.41171476792078 83.914399470086209 121.22737496788613 3032.8935143590206 44.216061106417328 6238.0020737826708 215.73803587420844
leaf_count=48499 1698 20864 37168 41250 2924 281 22283 47736 6194 7408 58933 165774 28310 90 3645 993 1085 1119 1409 17593 32694 1519 1086 13621 1851 450 42816 390 57287 974
internal_value=6.37839e-05 -0.00419863 -0.00805995 0.00931894 0.0133369 0.0305292 -0.00515464 -0.00751923 -0.00122081 -0.00831894 -0.0202309 -0.000319942 -0.00508466 0.0108276 0.0104286 -0.00109227 0.0265806 -0.000692053 -0.0173763 -0.000272315 -0.0144969 0.0105994 -0.0221539 -0.0168852 -0.0200821 0.0371708 -0.00431275 -0.00801207 0.00322691 0.0114074
internal_weight=52484.7 35935 15646.4 16549.7 9972.41 1270.15 12631.2 8256.42 20288.6 2284.94 3015.18 18003.7 3307.21 8702.26 8572.43 671.257 1125.2 4374.82 294.773 1444.69 2599.53 357.894 840.256 640.015 1272.2 129.824 5656.89 2624 6577.26 7901.18
internal_count=667944 555748 294898 112196 53211 4290 198797 147770 260850 45902 96101 214948 49174 48921 48381 6157 4009 51027 2528 25001 56828 2512 20901 14707 34545 540 90942 48126 58985 42224
is_linear=0
shrinkage=0.05


Tree=5
num_leaves=31
num_cat=0
split_feature=8 8 8 1 9 5 9 9 8 9 2 5 9 1 5 1 5 8 5 0 2 5 8 5 0 8 9 9 1 5
split_gain=875.9 222.602 156.168 117.739 109.831 56.4283 56.0901 47.9737 40.9527 36.3099 33.7013 31.0513 30.457 29.3152 28.9837 28.687 36.2077 33.0121 27.5607 69.7151 25.0615 23.7528 23.4223 35.5409 32.1359 24.4585 23.8465 29.3228 22.9726 22.1713
threshold=0.28544640541076666 0.17629654705524447 0.44195082783699041 6.9734039306640634 0.17354866862297061 0.3366666734218598 0.53719589114189159 0.60599055886268627 0.011765103787183763 0.43507929146289831 23.500000000000004 0.084219858050346388 0.43507929146289831 37.863533020019538 0.27386364340782171 11.709135532379152 0.53410854935646068 0.33772528171539312 0.021054964512586597 19.500000000000004 24.500000000000004 0.033908046782016761 0.13395895808935168 0.79289215803146373 3.5000000000000004 0.13283304870128634 0.046545449644327171 0.024887278676033023 11.312860488891603 0.46247655153274542
decision_type=2 2 2 2 2 2 2 2 2 2 2 2 2 2 2 2 2 2 2 2 2 2 2 2 2 2 2 2 2 2
left_child=1 3 5 22 8 9 -4 15 -5 18 11 12 28 20 -8 16 -7 -18 19 -2 21 -10 24 -24 25 -1 27 -26 -6 -3
right_child=2 29 6 4 10 7 14 -9 13 -11 -12 -13 -14 -15 -16 -17 17 -19 -20 -21 -22 -23 23 -25 26 -27 -28 -29 -30 -31
leaf_value=-0.00047873587362747233 0.00771911544475675 -0.0001383045953913661 0.017569372380784102 -0.028850702967130489 -0.0015507264540975585 0.0088466587144530474 0.016572917898317763 0.036330384861693002 -0.018883776224066961 0.011926708148582972 -0.016327417382644024 -0.0035815364811082129 0.016133269815175384 -0.037337172128831371 0.040818655385965505 0.009534376877296559 0.012636239415339277 0.035867021142817361 0.0054092800838390111 -0.022277881687581248 -0.044336403168364583 -0.0092433980048132313 0.0040459883971958556 -0.03744589314290029 -0.0036707832924626469 -0.083747712613824021 -0.0064339639096427856 -0.03947505978369667 -0.012462384734623595 0.0053887241215882222
leaf_weight=3521.2864004693693 471.99027564167045 14220.933260449208 1265.8454106445424 674.81573812506394 579.30413865391165 518.66461441805586 160.08882097247988 209.71721700485796 1088.3140307642752 1940.5720132251736 940.19298228505068 4536.0405922267237 109.6184730741661 141.46483335120138 535.79451157944277 3367.3021385570755 253.85049212630838 384.65816888073459 4947.2367077539675 328.49852079479024 66.355196102289483 1547.4632792837219 1609.1967197195627 53.321130903670564 105.03580941562541 8.8408148651942593 2798.5481952870032 125.52064915955998 2882.2754550219397 2079.8320467518643
leaf_count=42065 3892 159506 5665 27466 10046 2338 695 688 32214 10338 24670 76392 1258 7393 1520 19094 1419 1559 36392 4909 3039 36771 16038 541 2081 127 46048 2863 73589 17541
internal_value=0.000254485 -0.00380746 0.0107278 -0.00723764 -0.0102814 0.0086575 0.023838 0.0129519 -0.0177773 0.00601313 -0.00736638 -0.00632717 -0.0098146 -0.0151495 0.0352409 0.0118683 0.0186599 0.0266312 0.00401656 -0.00459082 -0.0139879 -0.0132239 -0.00258562 0.00271524 -0.00392918 -0.000687274 -0.00770731 -0.0231635 -0.0106363 0.000566895
internal_weight=51472.6 37088.4 14384.2 20787.6 12565.8 12422.5 1961.73 4734.19 3518.41 7688.3 9047.43 8107.24 3571.2 2843.6 695.883 4524.48 1157.17 638.509 5747.73 800.489 2702.13 2635.78 8221.75 1662.52 6559.23 3530.13 3029.1 230.556 3461.58 16300.8
internal_count=668157 579648 88509 402601 292838 80629 7880 25098 106883 55531 185955 161285 84893 79417 2215 24410 5316 2978 45193 8801 72024 68985 109763 16579 93184 42192 50992 4944 83635 177047
is_linear=0
shrinkage=0.05


Tree=6
num_leaves=31
num_cat=0
split_feature=8 8 8 9 1 5 8 1 5 7 7 8 1 7 5 5 1 9 7 2 7 1 9 1 7 2 7 7 7 0
split_gain=732.872 199.167 155.584 108.065 90.9874 65.4902 65.4285 49.6812 45.5365 42.5754 40.0896 33.4802 49.6814 31.6861 31.0034 30.5265 51.0532 30.0822 29.4948 29.0448 28.8854 27.8175 24.9492 35.3318 24.6617 24.6167 23.4654 35.3888 31.9542 31.073
threshold=0.28544640541076666 0.14060389995574954 0.3671001940965653 0.56210488080978405 4.6502056121826181 0.19399641454219821 0.048253154382109649 11.312860488891603 0.077935222536325469 0.99862930178642284 0.71876788139343273 0.21121312677860263 11.539280414581301 0.98775419592857372 0.044949496164917953 0.12060606107115747 31.89450836181641 0.23848897218704226 0.99151229858398449 19.500000000000004 0.98700857162475597 2.8919758796691899 0.24368909746408465 15.331025123596193 0.99646028876304638 26.500000000000004 0.99862930178642284 0.56711855530738842 0.32196867465972906 44.500000000000007
decision_type=2 2 2 2 2 2 2 2 2 2 2 2 2 2 2 2 2 2 2 2 2 2 2 2 2 2 2 2 2 2
left_child=1 4 17 7 20 15 25 -4 -9 10 -7 12 24 -10 -14 -5 -17 -2 -13 22 -1 -19 23 -8 -3 -6 27 28 -23 -29
right_child=2 11 3 5 6 9 19 8 13 -11 -12 18 14 -15 -16 16 -18 21 -20 -21 -22 26 -24 -25 -26 -27 -28 29 -30 -31
leaf_value=-0.003379376062704212 -0.0099334130535198486 0.00091574579697201782 0.023314259851282715 0.020808510367591619 -0.01686473731472728 0.038803713837317455 -0.0064273893571438678 -0.0048207130942035633 0.011574706421172178 0.071205662988951979 0.0087128690054046939 0.00089247612575912296 -0.012017034795422859 0.046100075992159692 -0.0036880294173598813 -0.068651564684652472 0.018352556119599187 0.026849984548683904 0.023559954558749562 -0.018771764925410099 0.023894312179094032 0.0059681411541247613 -0.0029806624774835677 -0.01544207433645447 0.035051432827457658 -0.040244981691911048 0.03998560708556545 0.0011962515025276458 0.037028950919582644 -0.020017207784914396
leaf_weight=4907.2016875480767 318.22065627411939 4284.0490317476215 907.33067882386968 89.191863309592009 2479.3506246658508 580.92134013958275 3009.0932621755637 440.16005149844568 3426.6010609590448 81.499602759256959 136.74383330764249 10379.926738224225 1455.8502339528059 67.770076966844499 4804.3270995509811 32.675580125302076 34.837644849903882 153.0959430874791 145.52111917058937 651.06125927180983 99.039488782756962 6843.4416886060499 1968.2666374560213 1701.5784532313119 53.572521988302469 117.93824815191329 48.548837066395208 695.8575126172509 83.816370567772537 229.57478728785645
leaf_count=63981 2901 44077 3832 470 80250 1630 61518 4039 17231 143 717 106537 33269 215 71788 263 146 693 1020 20970 692 44493 35160 53622 278 6376 200 7207 428 3826
internal_value=-0.000129835 -0.0039161 0.00950444 0.0158004 -0.00833571 0.0311639 -0.0111072 0.0127674 0.0103352 0.0369593 0.0330702 -0.000791559 -0.00277535 0.0122443 -0.005625 0.00160863 -0.0237564 0.00514468 0.00120587 -0.00869097 -0.00283982 0.0057404 -0.0077083 -0.00968365 0.00133734 -0.0179264 0.00533138 0.00511713 0.00634396 -0.00406624
internal_weight=50227.1 36056.8 14170.3 5797.73 14933.5 955.87 9927.29 4841.86 3934.53 799.165 717.665 21123.2 10597.8 3494.37 6260.18 156.705 67.5132 8372.56 10525.4 7330 5006.24 8054.34 6678.94 4710.67 4337.62 2597.29 7901.24 7852.69 6927.26 925.432
internal_count=667972 579538 88434 28686 322569 3369 257896 25317 21485 2490 2347 256969 149412 17446 105057 879 409 59748 107557 171270 64673 56847 150300 115140 44355 86626 56154 55954 44921 11033
is_linear=0
shrinkage=0.05


Tree=7
num_leaves=31
num_cat=0
split_feature=8 8 5 7 1 8 7 8 5 1 7 8 5 8 7 0 1 7 0 7 7 7 8 7 7 8 3 7 8 7
split_gain=650.148 241.153 107.935 93.1627 87.5506 83.513 50.7741 43.6503 41.8539 29.259 26.3943 25.1396 23.6833 23.079 22.7292 22.423 24.0285 27.4017 22.9238 21.737 26.9782 40.7718 31.2618 25.1384 28.3559 21.2204 18.8913 18.083 17.6257 27.2815
threshold=0.33384557068347936 0.17629654705524447 0.28730159997940069 0.99862930178642284 6.9734039306640634 0.093629710376262679 0.93978759646415722 0.49836425483226782 0.037749288603663451 9.9998974800109881 0.99212232232093822 -0.054125083610415452 0.050641026347875602 0.25602841377258306 0.99933725595474254 6.5000000000000009 8.9928560256958026 1.0000000180025095e-35 11.500000000000002 0.60793796181678783 0.76519805192947399 0.7489004135131837 0.11284141987562181 0.90195810794830333 0.92874678969383251 0.0025986132677644496 18.500000000000004 0.89890041947364818 0.021643832325935367 0.90046691894531261
decision_type=2 2 2 2 2 2 2 2 2 2 2 2 2 2 2 2 2 2 2 2 2 2 2 2 2 2 2 2 2 2
left_child=1 4 10 7 6 8 19 9 25 -4 15 -10 -7 -3 26 -2 18 -18 -17 -1 21 22 -21 27 -25 -6 -12 -22 29 -29
right_child=2 13 3 -5 5 12 -8 -9 11 -11 14 -13 -14 -15 -16 16 17 -19 -20 20 23 -23 -24 24 -26 -27 -28 28 -30 -31
leaf_value=-0.0027117000660048392 0.02246653368469257 -0.00026080594644019485 0.024112395183017669 0.069108711321228727 -0.033178659426740094 -0.010200457482805906 0.013161158349162172 0.030639664102568971 -0.045569681201949083 0.013101094016272699 0.051152365582392015 -0.010320777203794131 -0.0040927751961132644 0.0030643687908521455 -0.060994909222683649 -0.009203135395321976 0.0080003975388574945 -0.0036122975473748147 -0.10173167255135132 -0.00074333274536625741 -0.00068606657990446173 -0.064580622033196977 -0.060709953378651121 -0.045122423802342028 0.00023604641472120969 -0.018428416745835032 0.0053155223060062755 0.068780191660446924 0.065679297428034231 -0.10039377453568994
leaf_weight=6944.2756689244416 191.90858290344477 11887.18991609721 737.36027717031538 86.857922821771353 300.13209872413427 2317.1048034972046 488.38752846908756 508.82025603856891 51.566651224391535 3317.8068603465799 69.841274452395737 2652.7227021445287 5038.5356232165359 9301.5134094539098 6.3603585474193087 176.17109800409526 2774.8323201583698 621.82265123305842 6.9582186769694081 103.56900739285629 206.48359632561915 55.118884920375422 27.50585275888443 68.184173404239118 69.656309911282733 1299.9107120517874 33.14741614786908 4.7480399799533206 21.28464237973094 4.7844666177406907
leaf_count=92720 929 141098 3151 161 14639 58725 5862 1723 2698 16400 193 77155 93436 77307 48 1014 16404 6574 73 2290 5306 746 668 1209 871 46352 170 17 167 47
internal_value=0.000120978 -0.00250137 0.0126743 0.0178116 -0.00649058 -0.00925375 -0.00246024 0.0168354 -0.0147854 0.0151033 0.00651801 -0.0109929 -0.00601676 0.00119889 0.0307345 0.00581592 0.0049233 0.00587447 -0.0127189 -0.00347672 -0.0129408 -0.0284998 -0.0133272 -0.00521844 -0.022201 -0.0211952 0.0363996 0.00464617 0.0403737 -0.01613
internal_weight=49374.6 40842.7 8531.89 4650.85 19654 11660 7994 4563.99 4304.33 4055.17 3881.04 2704.29 7355.64 21188.7 109.349 3771.69 3579.78 3396.65 183.129 7505.61 561.335 186.194 131.075 375.141 137.84 1600.04 102.989 237.301 30.8171 9.53251
internal_count=668153 621313 46840 21435 402908 293005 109903 21274 140844 19551 25405 79853 152161 218405 411 24994 24065 22978 1087 104041 11321 3704 2958 7617 2080 60991 363 5537 231 64
is_linear=0
shrinkage=0.05


Tree=8
num_leaves=31
num_cat=0
split_feature=9 8 8 9 1 8 5 5 5 5 9 9 7 2 7 7 7 5 0 7 9 9 4 2 2 7 7 7 7 5
split_gain=592.425 192.753 147.629 114.432 77.1101 70.7723 48.0847 43.0405 42.3859 41.1609 37.6965 31.1516 30.9839 30.5375 29.9479 29.036 27.2811 26.0612 25.8756 21.9703 25.1736 26.4254 21.7459 21.6641 21.0007 20.0441 19.4643 19.9746 19.6285 25.374
threshold=0.33661040663719183 0.3671001940965653 0.21121312677860263 0.56210488080978405 13.998959064483644 0.11284141987562181 0.16247642785310748 0.43826219439506536 0.2152509689331055 0.29217478632926946 0.20574853569269183 0.49770340323448187 0.99862930178642284 32.500000000000007 0.99313899874687206 0.98052415251731884 0.73962944746017467 0.11696306616067888 22.500000000000004 0.86971682310104381 0.014201549813151361 0.046545449644327171 1.0000000180025095e-35 6.5000000000000009 42.500000000000007 0.92553094029426586 0.49660341441631323 0.32196867465972906 0.99212232232093822 0.082482993602752699
decision_type=2 2 2 2 2 2 2 2 2 2 2 2 2 2 2 2 2 2 2 2 2 2 2 2 2 2 2 2 2 2
left_child=2 6 4 9 17 10 11 -4 13 15 -6 -2 16 25 -8 -3 -10 19 23 20 -1 -22 -7 -9 -24 -5 27 -13 -28 -30
right_child=1 3 7 8 5 22 14 18 12 -11 -12 26 -14 -15 -16 -17 -18 -19 -20 -21 21 -23 24 -25 -26 -27 28 -29 29 -31
leaf_value=-0.00014201265471932182 -0.0018126208790134977 0.0051300383233885078 -0.00062006010881526861 0.024000460621261127 -0.020785065839704367 -0.013951308442894961 0.006577403504532741 0.0072585737227268757 0.039074630090906753 0.016988872461120883 -0.0098581438000510356 0.013932354621801521 0.068897290337327249 -0.076018731542640217 0.033511955793413532 0.033863518059882664 0.01294719103851999 -0.0010590505408640961 -0.00024842349382663611 0.0019410637822269332 -0.020766185561040446 -0.0069327069008583118 -0.0042201227409107691 0.020980763771770782 -0.018909308667133591 -0.019432913430283267 -0.01279943143353373 0.06448594568758613 0.059465207554209566 -0.03029609944336464
leaf_weight=1318.2229195474647 3454.991497663781 1591.8115346836857 9233.5985545649892 132.43018135661259 1725.5966610154137 806.44693547708448 5898.1411130069755 967.73958785017021 538.71934198820964 2315.8029018663801 1454.6990870378213 397.88151989225298 71.406964498572052 9.693014841526745 105.03949798969552 93.06293805828318 122.65749215031974 5253.3444356825785 741.46081367437728 877.43696305342019 366.85317676590057 5854.720178171061 4321.6560924478108 409.27258364809677 257.83678531402256 33.228175915661268 130.2521862781141 20.548614868894219 23.391917459666729 11.867532979696987
leaf_count=16760 39832 9696 97630 613 72120 22366 40754 6310 1567 10569 41820 2562 132 101 372 374 641 71835 7732 15159 7017 104430 85128 2603 7017 297 1720 38 68 85
internal_value=-9.9419e-05 0.00818003 -0.00378473 0.0163001 -0.00615315 -0.00987268 0.00421074 0.000854617 0.0323233 0.0126629 -0.015787 -7.36707e-06 0.0376074 0.0102412 0.00704869 0.00671711 0.0342291 -0.00382243 0.00728216 -0.0055471 -0.00641853 -0.00774839 -0.0063804 0.0113371 -0.00504716 0.0152885 0.0106737 0.016415 -0.00384075 0.0292536
internal_weight=48539.8 14950.9 33588.9 4908.81 22236.8 8566.24 10042.1 11352.1 908.135 4000.68 3180.3 4038.93 732.784 175.351 6003.18 1684.87 661.377 13670.6 2118.47 8417.23 7539.8 6221.57 5385.94 1377.01 4579.49 165.658 583.942 418.43 165.512 35.2595
internal_count=667348 109421 557927 23990 443652 228451 85431 114275 3351 20639 113940 44305 2340 1011 41126 10070 2208 215201 16645 143366 128207 111447 114511 8913 92145 910 4473 2600 1873 153
is_linear=0
shrinkage=0.05


Tree=9
num_leaves=31
num_cat=0
split_feature=8 9 9 1 5 8 8 5 1 5 9 9 9 0 9 5 9 8 1 5 5 5 8 5 0 1 9 8 2 1
split_gain=562.591 164.711 147.252 131.23 64.4922 58.3173 55.3299 51.9512 40.1094 32.1226 28.7542 25.9646 23.0512 22.7003 22.6621 24.6835 21.7985 20.8439 18.5118 18.4099 27.5469 19.6035 17.4641 16.534 23.173 19.8357 18.4729 17.2026 16.3778 18.278
threshold=0.28544640541076666 0.5145511031150819 0.27376052737236029 18.868288993835453 0.24357284605503085 0.413582593202591 0.11511268466711046 0.033908046782016761 4.6502056121826181 0.18274582922458651 0.42927937209606176 0.22551655024290088 0.20574853569269183 8.5000000000000018 0.26773889362812048 0.24744898080825808 0.18689918518066409 0.49836425483226782 5.2715377807617196 0.10300619155168535 0.10102041065692903 0.12372449040412904 0.28095337748527532 0.021054964512586597 27.500000000000004 25.315614700317386 0.25649681687355047 0.29044732451438909 18.500000000000004 2.5095840692520146
decision_type=2 2 2 2 2 2 2 2 2 2 2 2 2 2 2 2 2 2 2 2 2 2 2 2 2 2 2 2 2 2
left_child=2 4 3 6 11 -3 8 12 -1 -7 19 -2 -5 -12 -8 18 -9 23 -16 20 -4 -21 -18 24 28 -26 -27 -28 29 -13
right_child=1 5 10 7 -6 9 14 16 -10 -11 13 17 -14 -15 15 -17 22 -19 -20 21 -22 -23 -24 -25 25 26 27 -29 -30 -31
leaf_value=-0.0030677670300084106 -0.028851600857517652 0.013540266702321519 -0.0024815366952811676 -0.02734741766939813 0.0098622355702781203 0.0065578634074388159 -0.00019426155194871228 -0.01690974168571251 -0.010083080238640766 0.034559779721762156 0.027699252744996933 0.027945949886102408 -0.014817773043205255 0.0056445591707197295 -0.075357146541545961 0.0021932721448538182 -0.007396963938101144 0.027336425349457641 -0.022152946728915813 0.011296431579856665 -0.089288076165695257 0.0009952540466617631 -0.04138966139422301 0.003622271627706028 -0.078652398002064625 -0.089854034043842276 0.02911529205768161 -0.015763424533950823 0.032977579772670705 -0.0037294045040486869
leaf_weight=4311.247824404214 65.658488000044599 940.96953811473213 3489.5083787606563 633.96675695612794 6316.6486120198388 116.80762327415869 8361.9363979675691 787.72933217842365 3863.2107162817847 831.36817684210837 126.31457934388891 50.093697432428598 871.9414805987617 1528.4802593067288 18.862924300134182 111.73342327261344 3656.1815512153553 85.061681078746915 122.68629279197194 501.09466865588911 9.163176632486282 5897.000760205905 38.179180573206395 4348.8706234892597 12.347076198784633 7.6908007226884356 23.849102653795853 203.99616662133485 38.258449055720121 501.38455065898597
leaf_count=58032 974 5032 55921 31289 35725 728 106391 31613 103635 2846 558 246 26439 13057 278 1034 82185 327 1858 6051 251 60438 580 33672 268 309 282 3362 378 4378
internal_value=3.3532e-05 0.0086633 -0.00337094 -0.00570297 0.00644321 0.0223587 -0.00343649 -0.0120579 -0.00638317 0.0311102 0.00122741 0.00239675 -0.0200926 0.00732805 -0.000640571 -0.0153751 -0.00935839 0.00278596 -0.029243 0.00020735 -0.00270889 0.00180204 -0.00774826 0.00238331 -0.00404928 -0.0168768 -0.0136385 -0.0110659 0.0013425 -0.000852164
internal_weight=47872.2 13543 34329.2 22777.7 11653.9 1889.15 16789.7 5988 8174.46 948.176 11551.6 5337.21 1505.91 1654.79 8615.22 253.283 4482.09 5271.55 141.549 9896.77 3498.67 6398.1 3694.36 5186.49 837.62 247.883 235.536 227.845 589.737 551.478
internal_count=668137 88527 579610 443334 79921 8606 271228 172106 161667 3574 136276 44196 57728 13615 109561 3170 114378 43222 2136 122661 56172 66489 82765 42895 9223 4221 3953 3644 5002 4624
is_linear=0
shrinkage=0.05


Tree=10
num_leaves=31
num_cat=0
split_feature=9 9 5 9 0 5 5 9 0 0 7 7 2 1 9 7 0 5 5 7 7 5 5 2 5 5 7 7 3 7
split_gain=544.854 186.49 95.8479 75.2904 99.9735 58.0694 37.6151 36.3651 35.6968 30.8053 27.8899 33.0662 27.5545 25.5656 43.0534 25.3408 24.7088 30.1926 26.9354 24.5276 23.7153 22.7223 22.042 21.3846 20.5752 24.6995 20.1463 28.4777 18.7555 18.523
threshold=0.30875314772129064 0.56210488080978405 0.16064515709877017 0.21771539747714999 16.500000000000004 0.2806250005960465 0.032795699313282974 0.40493243932724005 18.500000000000004 3.5000000000000004 0.6593613624572755 0.88453078269958507 6.5000000000000009 5.9997868537902841 0.17030265927314761 0.99862930178642284 19.500000000000004 0.2639319002628327 0.021980676800012592 0.70668020844459545 0.6593613624572755 0.56594201922416698 0.76095238327980053 4.5000000000000009 0.74037036299705516 0.29217478632926946 0.99212232232093822 0.99698749184608471 44.500000000000007 1.0000000180025095e-35
decision_type=2 2 2 2 2 2 2 2 2 2 2 2 2 2 2 2 2 2 2 2 2 2 2 2 2 2 2 2 2 2
left_child=3 2 9 4 13 20 -6 10 21 -2 -4 12 -12 -1 22 19 17 -5 -18 -7 23 -9 -15 -3 25 28 29 -28 -10 -11
right_child=1 5 7 16 6 15 -8 8 24 26 11 -13 -14 14 -16 -17 18 -19 -20 -21 -22 -23 -24 -25 -26 -27 27 -29 -30 -31
leaf_value=-0.0027156088570206133 0.029019147385859603 0.013358443166637713 0.0065088288099976995 -0.0020530654755649027 -0.022250504368844324 0.032883460212350529 -0.0108471542826824 0.014712855281039433 0.0062202176689948093 0.000578931583301176 -0.042141868224616623 0.0049690084333293026 -0.0036210812244645285 -0.011620669830744947 -0.0023657463769355385 0.056040501606778648 -0.011075961149529183 0.0051086168250844008 -0.0023904390652146564 0.0070418422139066827 0.00076998296036629875 0.030115507161025758 -0.066897578936112631 0.035892560247375534 -0.013553634140275559 0.012916237335511761 0.032711465026599246 -0.027233982600388135 -0.011831237604779513 -0.0066991630256364142
leaf_weight=7199.3475871530827 90.730150059331208 406.09334066696465 5840.1372191278497 3888.9555005859584 1030.1515641350416 610.70539240795188 2426.7084802770405 952.70468094665557 878.12660033791326 4792.3743313808227 91.400261955568567 263.52141623967327 94.342089348705485 2428.6673668309813 2177.4543324827682 98.501328403363004 1039.312525640591 2367.6386588349706 6324.6394112088019 108.07324912585318 256.05720859812573 319.82417957950383 18.169377542333677 142.1322596273385 101.5335954981856 1794.7844977134373 93.748847330920398 25.121148041449487 172.09518868196756 1069.2602303213789
leaf_count=95965 457 1882 41726 48470 45604 2061 75172 4680 5490 50557 1869 2775 1287 65386 35630 233 27831 18644 105568 632 2344 1295 592 536 764 9801 495 303 1330 18819
internal_value=-8.87665e-05 0.00668757 0.00510477 -0.00435636 -0.00676578 0.0228709 -0.0142454 0.0079944 0.0115856 0.00010323 0.00558535 -0.0064193 -0.0225764 -0.00457897 -0.00747996 0.0322573 -0.00165331 0.000657079 -0.00361627 0.028998 0.0133329 0.018584 -0.0120311 0.0192006 0.00856318 0.00935249 -0.000335453 0.020043 0.00326221 -0.000748715
internal_weight=47102.3 18201.3 16579.7 28901 15280.5 1621.56 3456.86 10508.5 4219.07 6071.23 6289.4 449.264 185.742 11823.6 4624.29 817.28 13620.5 6256.59 7363.95 718.779 804.283 1272.53 2446.84 548.226 2946.54 2845.01 5980.5 118.87 1050.22 5861.63
internal_count=668198 149336 141648 518862 318349 7688 120776 71017 23360 70631 47657 5931 3156 197573 101608 2926 200513 67114 133399 2693 4762 5975 65978 2418 17385 16621 70174 798 6820 69376
is_linear=0
shrinkage=0.05


Tree=11
num_leaves=31
num_cat=0
split_feature=8 8 8 0 9 1 9 1 5 9 8 0 8 3 1 9 5 1 1 9 1 5 4 9 0 8 1 5 0 8
split_gain=587.839 126.782 124.906 71.2518 66.5295 43.4165 39.0745 37.7137 35.3029 26.5281 25.342 27.5928 22.1783 21.6373 21.0971 20.3491 19.8272 23.4499 19.216 17.6183 16.7724 16.5916 15.9994 15.7347 15.2741 15.0136 21.8631 20.2999 15.2475 14.7607
threshold=0.28095337748527532 0.11284141987562181 0.39413306117057806 5.5000000000000009 0.56210488080978405 10.758146762847902 0.42927937209606176 2.5095840692520146 0.033908046782016761 0.43507929146289831 0.19247721135616305 23.500000000000004 0.49836425483226782 12.500000000000002 16.999319076538089 0.30444757640361791 0.3366666734218598 45.628200531005866 8.0001614093780535 0.27261693775653845 49.999197006225593 0.19399641454219821 1.0000000180025095e-35 0.1681807562708855 17.500000000000004 0.33772528171539312 13.527294158935549 0.46247655153274542 3.5000000000000004 -0.040783122181892388
decision_type=2 2 2 2 2 2 2 2 2 2 2 2 2 2 2 2 2 2 2 2 2 2 2 2 2 2 2 2 2 2
left_child=1 3 7 -1 5 -4 10 -2 14 16 11 -3 15 -10 -5 24 17 -9 -8 -13 -21 -6 -19 -16 -7 28 -27 -28 -18 -15
right_child=2 6 4 8 21 12 18 9 13 -11 -12 19 -14 29 23 -17 25 22 -20 20 -22 -23 -24 -25 -26 26 27 -29 -30 -31
leaf_value=-0.0034909283848274901 0.031204806476327607 -0.0020010705647637802 0.026620968503075017 -0.013143192343241072 0.012417105473166809 0.02112747203537297 0.024512178660877015 0.0031999226284971311 -0.0065198502874390767 0.010322230686905466 -0.00044741662242533286 -0.010861375933157724 0.023001776424781479 -0.056517351369543584 -0.033714107811498362 0.0095569334605865742 -0.068005145516796553 -0.059095243700971425 0.004493438667470877 -0.0026509533067381815 -0.027058178596255308 0.033374913855844894 -0.0071336406223028786 -0.018553330839256071 -0.033428789361558513 0.022445046713305633 0.014737028523315666 -0.0012148578999465673 0.0045658235612025914 -0.014176621445485425
leaf_weight=4562.3483541358728 143.32893765403423 6463.6515061034588 501.78663215134293 1434.4443071228452 111.7353275064379 17.538348134607077 131.41034263884649 4567.7496679561445 2745.926689675427 2117.0647663841955 10910.081231042393 1850.8692991763819 309.96831226488575 21.017264969006646 248.93366531882202 2101.3430146798491 7.2731489092111579 15.359298055525867 1365.6318307761103 1568.2563264239579 73.695584941189736 609.95551684405655 417.41985692211892 547.65312490571523 47.782542026834562 340.05341845331714 428.64943853765726 372.97352839354426 1494.469591505127 998.57033356296597
leaf_count=64045 741 92491 2126 45627 657 94 604 39369 73270 12114 130399 53717 1301 1515 15478 11842 84 395 11380 26141 1987 2103 4672 22426 453 1702 2118 2755 10792 35714
internal_value=-7.14251e-05 -0.0036842 0.00867142 -0.00819978 0.0165098 0.0132095 -0.00155219 0.00574311 -0.0117824 0.00536924 -0.00211199 -0.003936 0.0104923 -0.0088294 -0.0167665 0.00870261 0.00399746 0.00214599 0.00625068 -0.00751668 -0.00374642 0.0301301 -0.00897775 -0.0232911 -0.0187807 0.00749987 0.0118216 0.00731505 0.00421435 -0.0150494
internal_weight=46526.9 32922.5 13604.5 10558.9 3700.11 2978.42 22363.6 9904.34 5996.55 9761.01 20866.6 9956.47 2476.63 3765.51 2231.03 2166.66 7643.95 5000.53 1497.04 3492.82 1641.95 721.691 432.779 796.587 65.3209 2643.42 1141.68 801.623 1501.74 1019.59
internal_count=668112 574794 93318 258075 18576 15816 316719 74742 194030 74001 304735 174336 13690 110499 83531 12389 61887 44436 11984 81845 28128 2760 5067 37904 547 17451 6575 4873 10876 37229
is_linear=0
shrinkage=0.05


Tree=12
num_leaves=31
num_cat=0
split_feature=8 8 7 9 1 8 8 1 9 9 7 7 7 7 8 0 1 4 7 2 7 7 9 7 0 8 8 9 0 8
split_gain=529.382 157.811 76.3649 74.7291 82.5595 48.7072 47.3038 38.4099 34.7633 29.7116 28.8849 52.2989 32.6385 72.37 28.4797 28.4919 26.4344 24.2573 23.9946 30.1117 27.2178 22.452 28.6025 21.8678 23.4759 21.1903 21.3637 20.9472 23.9392 20.0363
threshold=0.25602841377258306 0.39413306117057806 0.99212232232093822 0.28945223987102514 16.225971221923832 0.11284141987562181 0.49836425483226782 10.758146762847902 0.2374779284000397 0.60599055886268627 0.89732640981674205 0.60793796181678783 0.76519805192947399 0.7489004135131837 0.10045482218265535 4.5000000000000009 2.8919758796691899 1.0000000180025095e-35 0.94958576560020458 1.0000000180025095e-35 0.95156648755073558 0.94158759713172924 0.23948690295219424 0.63698601722717296 48.500000000000007 0.22587534785270694 0.21393010020256045 0.26657243072986608 11.500000000000002 0.31942288577556616
decision_type=2 2 2 2 2 2 2 2 2 2 2 2 2 2 2 2 2 2 2 2 2 2 2 2 2 2 2 2 2 2
left_child=3 8 6 4 10 -6 7 -3 -2 16 11 14 13 27 15 -1 -10 -17 19 -12 -20 22 -21 -9 -25 26 -22 28 -13 -18
right_child=1 2 -4 -5 5 -7 -8 23 9 -11 18 12 -14 -15 -16 17 29 -19 20 21 25 -23 -24 24 -26 -27 -28 -29 -30 -31
leaf_value=-0.0027260655798808935 -0.0062204875191564594 0.025110017172160323 0.055999845137784457 0.00041718581339643222 -0.016096694086146831 -0.0070945902831163702 0.027300446100766235 0.01153453370043904 0.022553097716167959 0.018622579937526248 -0.0035900495100626168 -0.012274241879332744 -0.0076660100558513331 -0.070876552796755227 -0.0013012781898793478 -0.014685378976925094 0.0025231269798702293 -0.0052347717096551559 -0.047654448224129453 0.012668819761263753 -0.00013222022514490503 0.032600644498761808 -0.072355127340438821 0.0048317403269561932 -0.027913413322360265 -0.045208960408997176 0.04507118326742432 0.030715858999629638 -0.054020683075185351 0.0067118019775577412
leaf_weight=3190.8380408170633 707.37859287695028 486.85758632933721 117.32688785670325 7178.4815920840483 2223.0323774628923 4636.6301447467995 640.7094666371122 2115.7713035445195 204.34163028374314 397.71392275649123 191.48748973547481 180.96460989816114 409.10693927726243 77.994338805729058 7562.2432376012439 1283.9332580703776 6334.7868059584871 1441.0908750662347 31.379400492878631 127.54302262887359 580.13581412890926 188.56968526029959 10.723117996007202 237.68206871044822 71.111711970996112 24.842401105444878 27.371352748246863 22.212681608274579 42.38380047341343 5197.3614181689918
leaf_count=41703 7997 2143 286 90025 94385 107919 2409 10735 1222 2059 3555 4774 12436 1749 96109 38055 57951 35361 910 3034 9335 1620 352 1980 1007 422 224 303 1706 36384
internal_value=1.32633e-06 0.00716713 0.0163116 -0.00401875 -0.00544975 -0.0100119 0.0150007 0.012294 0.0045541 0.00518222 -0.00341666 -0.00404134 -0.0170511 -0.0289177 -0.00333414 -0.00593274 0.00472677 -0.00968756 0.00409329 0.0121546 -0.00220197 0.0213791 0.00607486 0.00972046 -0.0027091 5.35375e-05 0.00190443 -0.0155909 -0.0201963 0.0044109
internal_weight=45942 16511 3669.46 29431 22252.5 6859.66 3552.13 2911.42 12841.6 12134.2 15392.8 14210.8 732.662 323.555 13478.1 5915.86 11736.5 2725.02 1182.05 518.323 663.729 326.836 138.266 2424.57 308.794 632.35 607.507 245.561 223.348 11532.1
internal_count=668150 124173 18560 543977 453952 202304 18274 15865 105613 97616 251648 232196 20968 8532 211228 115119 95557 73416 19452 8561 10891 5006 3386 13722 2987 9981 9559 6783 6480 94335
is_linear=0
shrinkage=0.05


Tree=13
num_leaves=31
num_cat=0
split_feature=8 5 9 8 0 8 7 8 8 5 7 8 5 2 9 3 7 0 9 0 9 9 2 7 7 7 7 5 7 8
split_gain=444.968 141.493 117.553 104.668 46.2175 48.9564 37.7695 37.8838 35.4439 35.4036 32.4561 24.8414 23.2526 22.8767 22.7873 38.3982 22.6289 20.4786 22.8131 20.0017 24.0973 20.8971 17.4459 18.4154 24.0165 17.3362 16.8427 16.731 16.5391 17.9078
threshold=0.27194514870643621 0.21132376790046695 0.56210488080978405 0.15996962040662768 4.5000000000000009 0.048253154382109649 0.99862930178642284 0.3671001940965653 0.39413306117057806 0.059411764144897468 0.49660341441631323 0.15882002562284472 0.22111111134290698 26.500000000000004 0.22354611754417422 19.500000000000004 0.9878520965576173 12.500000000000002 0.36169743537902838 15.500000000000002 0.2127259895205498 0.17672950774431231 18.500000000000004 0.864640772342682 0.94993221759796154 0.94158759713172924 0.63698601722717296 0.040408162400126464 0.96128180623054515 0.49836425483226782
decision_type=2 2 2 2 2 2 2 2 2 2 2 2 2 2 2 2 2 2 2 2 2 2 2 2 2 2 2 2 2 2
left_child=3 -2 8 4 11 13 7 12 16 19 -9 -1 -4 -6 15 -7 17 18 -3 21 -21 -5 26 -24 25 -25 -22 -26 29 -10
right_child=1 2 6 9 5 14 -8 10 28 -11 -12 -13 -14 -15 -16 -17 -18 -19 -20 20 22 -23 23 24 27 -27 -28 -29 -30 -31
leaf_value=-0.0018417671947554737 0.0012009174447135552 0.0076120453891067395 -0.10669213662129635 -0.012237926143980659 -0.013329069998775421 -0.0068627194436490513 0.058391621292441936 0.037010436275678592 0.012313453581721145 0.0011315168344614031 0.0088439169030596534 -0.067800401699918814 0.0076516165751296722 -0.038511586444667123 -0.0032451208136300988 -0.020788685544998169 0.041315814273590247 0.0053847642778308618 0.020991030782723786 -0.022310228822310523 -0.0063216773830236522 0.0016270896531203544 -0.0028371481759937749 0.013433650938331682 -0.031335315753711915 0.06604460607885658 -0.022945824904018718 0.036773584803840416 0.039318099733403056 0.026161465203310724
leaf_weight=4760.3464276336017 5698.767637962359 897.58878984674811 4.5637698117643586 326.33056146115996 2251.448689006269 4495.71739939088 95.269160802941769 477.87642905395478 1699.5815680548549 11010.137701602187 130.12456479249522 14.317850120365618 172.56473463028669 93.948310376959853 3734.3433978343382 556.23788473091554 48.70059744361788 4309.0083016545977 493.97382340370677 249.47618214902468 1277.0921863422263 1625.1055971607566 296.47908486309461 29.845500877825543 26.773335319943726 32.939764719456434 173.0000488931546 13.595620679203419 67.878184801898897 270.6310241590254
leaf_count=61863 52697 5558 52 4983 82601 112514 229 1511 8572 130494 706 195 850 6333 78279 24395 215 29703 2442 8055 23243 18137 5497 693 726 247 5323 174 277 1136
internal_value=4.77809e-05 0.00732053 0.011344 -0.00332625 -0.00615482 -0.00791995 0.0286616 0.0250541 0.00938614 -0.000338883 0.0309822 -0.00203956 0.00470551 -0.0143378 -0.00620679 -0.00839602 0.00737774 0.0070878 0.0123613 -0.00433561 -0.00772321 -0.000691499 -0.00575583 0.00349391 0.0216902 0.0410355 -0.00830498 -0.00839732 0.0150517 0.0142156
internal_weight=45333.7 14366.5 8667.76 30967.1 15906.4 11131.7 880.399 785.129 7787.36 15060.8 608.001 4774.66 177.129 2345.4 8786.3 5051.96 5749.27 5700.57 1391.56 4050.64 2099.2 1951.44 1849.73 399.633 103.154 62.7853 1450.09 40.369 2038.09 1970.21
internal_count=667700 103948 51251 563752 366180 304122 3348 3119 47903 197572 2217 62058 902 88934 215188 136909 37918 37703 8000 67078 43958 23120 35903 7337 1840 940 28566 900 9985 9708
is_linear=0
shrinkage=0.05


Tree=14
num_leaves=31
num_cat=0
split_feature=8 8 5 9 9 1 8 5 0 0 7 8 5 1 7 1 7 9 1 9 9 5 7 9 0 9 1 5 1 2
split_gain=453.901 163.729 85.707 72.6165 53.3978 50.1392 52.6847 35.1655 32.972 31.7727 29.7905 35.7716 26.6907 30.6828 26.0453 24.3472 22.6328 21.8573 21.6013 22.1349 20.654 20.4292 19.619 19.6009 18.0894 19.514 17.6258 25.5433 17.079 16.9767
threshold=0.33772528171539312 0.18114613741636279 0.15849281847476962 0.56210488080978405 0.42927937209606176 6.9734039306640634 0.011765103787183763 0.028991596773266796 13.500000000000002 8.5000000000000018 0.99862930178642284 0.36118936538696295 0.059411764144897468 2.3615931272506718 0.73962944746017467 0.84756064414978038 0.97751167416572582 0.31045961380004888 32.766448974609382 0.36169743537902838 0.16598720848560336 0.31180556118488317 0.94158759713172924 0.71603280305862438 20.500000000000004 0.13052577525377276 12.287988662719728 0.070598009973764433 29.000836372375492 8.5000000000000018
decision_type=2 2 2 2 2 2 2 2 2 2 2 2 2 2 2 2 2 2 2 2 2 2 2 2 2 2 2 2 2 2
left_child=1 5 18 8 12 17 -7 24 -4 22 11 -5 -3 15 -13 -14 -10 -1 19 28 -15 -11 -6 -23 25 -8 27 -22 -2 -9
right_child=2 4 3 10 9 6 7 29 16 21 -12 14 13 20 -16 -17 -18 -19 -20 -21 26 23 -24 -25 -26 -27 -28 -29 -30 -31
leaf_value=-0.0026207376572668878 -0.0071359922170657637 -0.0033200690714932641 0.020165319481552684 -0.015407337324915069 0.031149593051371233 -0.020420431492662525 -0.019894151426992367 -0.0033863092596552557 0.0095318247945932813 0.0034480154051323253 0.059537439873020626 0.033557942664520661 -0.10423627161376561 -0.017790362293292408 0.00972886993879701 0.022570139155688423 0.036503643975386739 0.016894264110762263 -0.0055512556915395077 0.011436539152843667 -0.055465136150223165 0.011249568846294168 -0.039505960395163374 0.040441110032789523 -0.016129496919066916 -0.005176229947675093 1.7880426908953597e-05 0.0043372453409238863 0.02110783243846447 -0.0088485991730361691
leaf_weight=7538.2383702933439 363.15158569649793 3921.5939256465062 1037.5003185865935 49.780911391600966 189.45673723751679 738.66696713527199 275.47938640450593 5471.8599783777026 3691.6302503419574 1479.1283398439409 70.521350671071559 539.23874344071373 3.855509744025766 143.40729231783189 145.64312354987487 208.0283606541343 79.452083428855985 146.26677125599235 620.91470308718272 712.03535076719709 17.937676811125129 540.47874018969014 10.362153860740362 64.351023823022842 1177.6715246735839 1234.2613576693693 8535.6622953756014 3912.4359553803224 62.777756455820054 1922.1521872072481
leaf_count=110297 3490 60252 5223 332 762 36362 10768 125815 20591 11474 167 1803 45 1954 848 1313 334 1068 6473 4530 299 3298 92 221 47378 31482 100211 30763 521 49679
internal_value=0.000239113 -0.00198893 0.0115812 0.0145988 0.00126789 -0.00533764 -0.007531 -0.0065866 0.0122718 0.00843987 0.0284958 0.0255161 0.000289616 0.00139369 0.0284906 0.0202627 0.0101001 -0.00224929 0.00195012 0.00604314 0.00107662 0.00661368 0.0274856 0.0143554 -0.0114848 -0.00786178 0.00129367 0.00406432 -0.00297313 -0.00480629
internal_weight=44903.9 37531.3 7372.65 5613.77 19026.7 18504.6 10820.1 10081.4 4808.58 2283.78 805.184 734.663 16742.9 12821.3 684.882 211.884 3771.08 7684.51 1758.88 1137.96 12609.4 2083.96 199.819 604.83 2687.41 1509.74 12466 3930.37 425.929 7394.01
internal_count=667845 623533 44312 29298 210684 412849 301484 265122 26148 15847 3150 2983 194837 134585 2651 1358 20925 111365 15014 8541 133227 14993 854 3519 89628 42250 131273 31062 4011 175494
is_linear=0
shrinkage=0.05


Tree=15
num_leaves=31
num_cat=0
split_feature=8 8 8 5 9 1 9 7 9 5 1 1 7 1 1 7 7 8 2 9 7 9 3 8 7 1 5 7 5 3
split_gain=454.23 129.537 82.4902 49.3966 48.9303 47.1114 56.0498 45.7403 33.3628 32.3639 29.6028 28.9605 27.1598 24.3123 23.7097 23.3301 44.9052 20.4779 19.6192 19.5266 19.0846 20.5514 18.9077 19.652 19.0615 23.4358 19.2152 17.5523 17.6062 21.4932
threshold=0.31942288577556616 0.15302510559558871 0.49836425483226782 0.15849281847476962 0.44858516752719885 5.4452495574951181 0.24689586460590365 0.99313899874687206 0.43507929146289831 0.36939570307731634 26.508282661437992 2.9842885732650761 1.0000000180025095e-35 7.0002923011779794 7.249336004257203 0.99748456478118908 0.99313899874687206 -0.030810607597231861 9.5000000000000018 0.26208700239658361 0.86971682310104381 0.11446216702461244 1.0000000180025095e-35 0.30110919475555425 1.0000000180025095e-35 26.803461074829105 0.18274582922458651 0.60793796181678783 0.66333335638046276 9.5000000000000018
decision_type=2 2 2 2 2 2 2 2 2 2 2 2 2 2 2 2 2 2 2 2 2 2 2 2 2 2 2 2 2 2
left_child=1 5 3 -2 9 -1 10 8 13 15 17 -11 -12 -5 -6 16 19 -7 -17 -3 21 -19 23 24 -21 26 -26 -13 29 -29
right_child=2 4 -4 7 14 6 -8 -9 -10 11 12 27 -14 -15 -16 18 -18 20 -20 22 -22 -23 -24 -25 25 -27 -28 28 -30 -31
leaf_value=-0.0027006423235439061 0.0022486074158034552 -0.0041273982125988899 0.027227708321589529 0.018872877984194403 0.030066264723346316 -0.024984113996745688 -0.0022470698518989598 0.044261152434524505 0.015494132686534882 0.019082673150454151 -0.014584711067603976 0.0028507898434157104 -0.034576497799728143 0.0062769072335899529 0.0065775427971496402 -0.066453240103232905 0.027220156347058933 -0.017771148620751392 -0.0061370020808195549 -0.0006500703842053329 0.0023392996418166853 -0.0079945417752613455 0.0020070579172791246 -0.012680854190242853 0.0076880288881548079 -0.029410247646342886 -0.03673748545568311 -0.0041056699065410412 0.014486390345151916 -0.043165783422631075
leaf_weight=5829.9630800109589 2194.3373892577365 6165.3358087115339 646.24343326478265 431.06800215761177 115.57282838830724 196.0207085928414 2558.1819356773049 101.63223902694881 2109.1915610898286 267.97166073601693 1248.4518799124635 3600.416381629766 196.64766710239928 3442.0572985464241 1525.8175931847654 25.538836452877149 132.87310272525065 630.25721503351815 28.557286879979074 3808.9191579902545 374.36320727295242 3653.6535830585053 4119.5865290388465 442.54260233300738 126.5089652382303 132.81510759028606 30.138541161781177 79.419060265412554 44.85292589943856 63.281003355514258
leaf_count=82257 20272 100201 2467 2307 508 9435 55290 348 10505 1875 55709 35106 13326 21317 11045 410 1147 23338 369 45527 11903 99971 48458 4641 2308 4309 631 1097 570 1545
internal_value=-5.78658e-05 -0.00259944 0.0100229 0.00867977 -5.22449e-05 -0.0061911 -0.00848849 0.0109993 0.0104343 -0.000765282 -0.0110231 0.00319772 -0.0173052 0.0076788 0.00823142 -0.00183595 -0.00171742 -0.009153 -0.0346124 -0.00197676 -0.00848682 -0.0094329 -0.000445744 -0.00267096 -0.00159009 -0.0139594 -0.000859316 0.00207397 -0.0128384 -0.0214271
internal_weight=44322.2 35397.7 8924.53 8278.29 20710.1 14687.5 8857.58 6083.95 5982.32 19068.8 6299.39 4055.94 1445.1 3873.13 1641.39 15012.8 14958.7 4854.29 54.0961 14825.8 4658.27 4283.91 8660.51 4540.92 4098.38 289.463 156.648 3787.97 187.553 142.7
internal_count=668192 610976 57216 54749 259747 351229 268972 34477 34129 248194 213682 40193 69035 23624 11553 208001 207222 144647 779 206075 135212 123309 105874 57416 52775 7248 2939 38318 3212 2642
is_linear=0
shrinkage=0.05


Tree=16
num_leaves=31
num_cat=0
split_feature=8 8 9 9 1 9 7 5 8 1 8 5 1 1 9 8 9 5 9 7 7 7 5 7 7 7 5 9 0 9
split_gain=476.884 86.3105 81.5155 49.0473 49.0366 54.1308 35.0935 32.6008 30.2598 31.4029 25.4775 24.8612 24.6218 24.0007 21.954 21.6985 21.7275 21.6052 21.1861 21.5932 22.2258 20.9063 39.3736 23.9908 24.5256 23.7907 23.6664 21.331 20.7078 20.9817
threshold=0.28795976936817175 0.413582593202591 0.29085536301136022 0.5145511031150819 16.225971221923832 0.20574853569269183 0.93210574984550487 0.0745370388031006 0.14060389995574954 1.9570837020874026 0.0072642192244529733 0.18274582922458651 3.9711250066757207 7.0002923011779794 0.44139803946018225 0.040504934266209609 0.052068259567022331 0.82971012592315685 0.53719589114189159 0.99698749184608471 0.99313899874687206 0.99862930178642284 0.18834459781646731 0.49660341441631323 0.86188432574272167 0.32196867465972906 0.80243903398513805 0.53719589114189159 45.500000000000007 0.31204141676425939
decision_type=2 2 2 2 2 2 2 2 2 2 2 2 2 2 2 2 2 2 2 2 2 2 2 2 2 2 2 2 2 2
left_child=2 7 4 28 6 10 8 12 9 -1 -6 -5 -2 14 -4 -11 -17 18 19 20 -15 23 -23 25 26 -9 -25 -26 -3 -30
right_child=1 3 13 11 5 -7 -8 21 -10 15 -12 -13 -14 17 -16 16 -18 -19 -20 -21 -22 22 -24 24 27 -27 -28 -29 29 -31
leaf_value=-0.00034044290639270649 0.024913849972642881 0.015176122951446387 0.0057651157424586132 0.0043396945628419066 -0.0314370549493918 -0.0056267035865788665 0.0054713600344098133 0.0078765393263669301 -0.0013595474883595984 -0.012162026308430376 -0.013317609342697163 0.029572387233020022 -0.002245442026380494 -0.0011999828545995565 0.032105685006883843 -0.051041621560831023 -0.0055108449505635532 0.03469037261750909 0.009606373290912797 -0.060010982634315146 0.028219302116803222 -0.070831691097740804 0.050875719662696411 -0.0095748433797536517 0.0089613533562348611 0.037067218043921477 -0.10038641226132335 -0.021149588317575786 -0.07555512331278752 0.0044684241392301954
leaf_weight=1905.7108898638398 88.704760691151023 1201.8555393116549 866.71406189166009 112.40351796685718 217.01965301629389 5151.9642111030989 1047.2275181945879 6910.4613019528333 6191.7787613543915 1882.7589825299801 1829.1680528173456 742.1924889574293 1408.5189914561342 7453.3072497777175 87.049751953687519 26.355582680553198 4504.3513524383307 44.08230334543623 495.39786067884415 15.506017467705531 64.757594928145409 7.5574793852865687 55.0532979182899 310.23113574762829 521.88722359552048 70.512657501269132 7.3443096978589884 66.287776545155793 8.3266455191187543 503.43992510880344
leaf_count=22364 567 6461 6445 742 14888 122934 15950 44370 74562 53238 75634 2858 17085 98566 411 531 92557 442 3333 352 381 81 181 4197 4746 284 131 669 122 3193
internal_value=-0.000144328 0.00834143 -0.00335214 0.0164691 -0.00494695 -0.00835925 -0.00336821 0.00613178 -0.00400614 -0.00597595 -0.0152394 0.0262536 -0.000636358 0.000668314 0.00816921 -0.00765049 -0.0057757 -0.000217854 -0.000409515 -0.00106815 -0.000946577 0.00740653 0.0361849 0.00717806 -0.000477865 0.00817139 -0.011675 0.00556783 0.0115895 0.00316641
internal_weight=43797.9 12014.8 31783.1 2568.22 22756.3 7198.15 15558.2 9446.56 14511 8319.18 2046.19 854.596 1497.22 9026.81 953.764 6413.47 4530.71 8073.05 8028.97 7533.57 7518.06 7949.34 62.6108 7886.72 905.75 6980.97 317.575 588.175 1713.62 511.767
internal_count=668275 85687 582588 13376 472658 213456 259202 72311 243252 168690 90522 3600 17652 109930 6856 146326 93088 103074 102632 99299 98947 54659 262 54397 9743 44654 4328 5415 9776 3315
is_linear=0
shrinkage=0.05


Tree=17
num_leaves=31
num_cat=0
split_feature=8 8 5 9 0 8 9 5 7 7 7 7 1 9 5 1 1 7 5 7 8 9 7 0 1 1 9 2 1 9
split_gain=412.001 105.184 104.34 78.4183 35.5659 32.8364 29.6963 28.4016 30.0041 66.4313 29.0867 31.1209 24.8436 24.0787 24.0976 23.536 23.495 21.732 26.6248 28.0139 21.0523 20.4801 18.8871 21.658 18.019 17.8808 23.3657 20.4868 18.8483 18.7217
threshold=0.28795976936817175 0.13062155991792682 0.22335600852966311 0.60599055886268627 4.5000000000000009 0.38636928796768194 0.20871283859014514 0.096006143838167204 0.93874076008796703 0.94219008088111889 0.60793796181678783 0.77960535883903515 25.897562026977543 0.38638600707054144 0.36055555939674383 40.941083908081062 9.9998974800109881 0.99862930178642284 0.82247900962829601 0.73962944746017467 -0.054125083610415452 0.3493174016475678 0.32196867465972906 21.500000000000004 4.0040730237960824 3.9711250066757207 0.22451411932706836 4.5000000000000009 14.206858158111574 0.34058488905429846
decision_type=2 2 2 2 2 2 2 2 2 2 2 2 2 2 2 2 2 2 2 2 2 2 2 2 2 2 2 2 2 2
left_child=1 4 25 5 -1 -4 12 8 10 -10 22 15 20 -9 -15 -12 -16 18 19 -5 -6 -17 -3 -24 -8 -2 28 -28 -27 -29
right_child=2 7 3 17 6 -7 24 13 9 -11 11 -13 -14 14 16 21 -18 -19 -20 -21 -22 -23 23 -25 -26 26 27 29 -30 -31
leaf_value=-0.0032563251029798083 0.022898633454991952 -0.0037941971700180648 0.0075292595245668829 0.034465523011599289 -0.031868397219477283 0.014972153241426291 -0.09784879950680507 -0.00046206905103573755 0.039530871236711354 -0.0013035109597510498 -0.041664168362233897 -0.0075078466480506759 -0.019902619012999081 0.0025225718992293901 0.039043739078134243 0.027618826228562144 0.010162340403306281 0.055289535348491819 -0.062653864118054139 0.002393014915275592 -0.0092906717276626458 -0.080572608906517892 0.0379709358008197 -0.013859859202145006 -0.0047036956626774458 -0.081101467497970467 -0.00019182396549819066 -0.0001893581425324156 -0.0093451040551425068 0.011587433855851806
leaf_weight=4126.8165956913726 101.07643754174933 6036.3446806492284 4219.78586834413 336.46779490774497 106.01782046817243 2283.9339173419867 5.2020730949006966 10690.934661804698 125.70474459044635 479.62284968665335 141.15157247183379 380.99128037597984 729.55365816806443 1389.3677943043876 88.128147467039526 23.76289271039423 350.38813152373768 75.682226002914831 8.2624909263104183 85.356406774837524 3951.3744232053868 5.3608532040379933 56.687869614223018 31.274473230238073 2734.4449123655795 14.926229051314293 3308.8582589819562 553.48518797557335 23.654118750244379 864.66101291007362
leaf_count=56352 639 100892 28157 1145 5283 11614 171 136976 1082 9878 4889 10946 43219 12270 366 857 2793 205 74 562 121244 210 836 1029 73152 346 30703 5567 437 6260
internal_value=-0.000221836 -0.00321779 0.00771272 0.0116178 -0.0069867 0.010143 -0.00903205 -0.000999539 -0.00348268 0.00717632 -0.00444922 -0.0154499 -0.011408 0.000444646 0.00574785 -0.0332203 0.0159666 0.0305823 0.0262345 0.0279756 -0.00988062 0.00770386 -0.00345901 0.0195428 -0.00488056 0.00208821 0.00164683 0.00196312 -0.0371067 0.0069911
internal_weight=43329.3 31453.1 11876.1 7009.49 11653.4 6503.72 7526.59 19799.7 7280.9 605.328 6675.57 551.267 4786.95 12518.8 1827.88 170.275 438.516 505.769 430.087 421.824 4057.39 29.1237 6124.31 87.9623 2739.65 4866.66 4765.58 4727 38.5803 1418.15
internal_count=668154 582445 85709 41757 299421 39771 243069 283024 130619 10960 119659 16902 169746 152405 15429 5956 3159 1986 1781 1707 126527 1067 102757 1865 73323 43952 43313 42530 783 11827
is_linear=0
shrinkage=0.05


Tree=18
num_leaves=31
num_cat=0
split_feature=8 8 7 5 5 8 1 9 9 7 9 5 9 9 1 7 1 9 5 2 9 1 9 7 7 8 9 7 7 9
split_gain=416.75 118.905 57.4838 54.2622 48.1133 47.0084 46.4993 35.2946 30.5999 30.2711 28.4076 18.3093 18.2409 21.3622 17.3745 16.8212 16.6448 16.5969 16.4433 23.2848 24.4193 16.0423 19.8907 17.0353 27.0113 26.6699 16.2768 16.7946 34.5258 25.5261
threshold=0.22742015123367312 0.39413306117057806 0.99212232232093822 0.15849281847476962 0.21132376790046695 0.13062155991792682 7.3733773231506357 0.40493243932724005 0.5145511031150819 0.49660341441631323 0.20871283859014514 0.033908046782016761 0.33661040663719183 0.33861552178859716 10.758146762847902 0.988243728876114 2.5095840692520146 0.29378347098827368 0.74037036299705516 25.500000000000004 0.45704343914985662 2.8919758796691899 0.19489932060241702 0.99212232232093822 0.98761862516403209 0.24880325794219973 0.24795313179492953 0.49660341441631323 0.80359241366386425 0.60599055886268627
decision_type=2 2 2 2 2 2 2 2 2 2 2 2 2 2 2 2 2 2 2 2 2 2 2 2 2 2 2 2 2 2
left_child=5 3 4 21 -3 6 17 16 14 -10 11 -8 -7 -14 -6 -9 -5 -1 -16 20 -20 22 -2 24 26 -26 -23 29 -29 -28
right_child=1 2 -4 7 8 12 10 15 9 -11 -12 -13 13 -15 18 -17 -18 -19 19 -21 -22 23 -24 -25 25 -27 27 28 -30 -31
leaf_value=-0.0038699740906745807 -0.098843055835010518 0.0029646500883741479 0.051335749364554123 0.022037774383251132 0.02360041772913829 -0.0030726983136368838 -0.018165545196050657 0.010343552156866696 0.030038756648726503 0.0039798389479452313 -0.0059784304737651355 -0.01015311708097869 0.027509804024236792 0.0010125151350886849 0.011913279686856633 0.03360624189771861 0.003911158507160532 0.02186549704681039 0.0103835641398758 -0.089529871252166049 -0.062297708498258123 -0.007073190799705361 0.020318577913677839 0.019081397487613599 0.028603977604599814 -0.082914095527630738 0.0011950848344609187 -0.028172001828583572 -0.0010756259623630538 0.027721388018163137
leaf_weight=5988.0466431236127 3.5992829864844671 883.80985009716824 100.45626160595566 128.95330273581203 308.14750603260472 10279.053694006696 1151.4292639715713 2477.6438140741084 593.40560383535922 137.21288689505309 2472.4625738027389 1872.4576522048446 78.948048987658694 2082.7247771142283 1273.3649420789443 80.2260956838727 7071.7593297569547 63.309654658660293 67.560326647479087 8.3894959073513728 13.94127578102052 827.00418517063372 129.58496085042134 109.45141898363363 7.4826627918519106 18.910869552055374 3926.5732651324943 145.88112191110849 605.5632196420338 92.836612339131534
leaf_count=99468 72 6540 280 929 1410 175614 57769 15393 2237 807 69257 72290 799 24562 6585 334 60754 652 422 104 159 13389 904 810 106 475 42158 3851 9884 357
internal_value=5.49328e-05 0.00558414 0.0140782 0.00374335 0.0129391 -0.00432718 -0.00662455 0.00602796 0.0166091 0.0251448 -0.00995371 -0.0132041 -0.00219471 0.00198024 0.012878 0.0110732 0.00423578 -0.00360073 0.0104543 -0.0102135 -0.00204895 -5.67205e-05 0.0170983 -0.000455202 -0.000835396 -0.0512983 -0.000597467 0.000525068 -0.00633596 0.00180776
internal_weight=43000.2 19011.8 3386.29 15625.5 3285.83 23988.4 11547.7 9758.58 2402.02 730.618 5496.35 3023.89 12440.7 2161.67 1671.4 2557.87 7200.71 6051.36 1363.26 89.8911 81.5016 5866.89 133.184 5733.7 5624.25 26.3935 5597.86 4770.85 751.444 4019.41
internal_count=668371 167960 18544 149416 18264 500411 299436 77410 11724 3044 199316 130059 200975 25361 8680 15727 61683 100120 7270 685 581 72006 976 71030 70220 581 69639 56250 13735 42515
is_linear=0
shrinkage=0.05


Tree=19
num_leaves=31
num_cat=0
split_feature=8 8 7 8 1 7 7 3 9 1 9 9 9 9 8 1 9 1 9 7 9 3 3 0 1 9 2 9 1 7
split_gain=371.622 129.092 65.1319 58.9658 36.2023 35.4252 37.0275 45.3237 28.797 27.0325 46.8565 25.5705 23.6968 20.4844 19.5281 19.4434 21.2922 18.3613 18.3256 18.0729 17.4784 17.3288 17.1281 21.0543 16.9902 18.2717 16.9427 20.3022 16.5343 16.324
threshold=0.33384557068347936 0.19382126629352572 0.99212232232093822 0.49836425483226782 11.000095367431642 0.63698601722717296 0.88453078269958507 11.500000000000002 0.29085536301136022 11.997292041778566 0.27624325454235082 0.39329780638217932 0.36422277987003332 0.30875314772129064 0.035629669204354293 2.8919758796691899 0.1714025288820267 27.817825317382816 0.31903243064880377 0.98874077200889599 0.5145511031150819 18.500000000000004 34.500000000000007 41.500000000000007 8.3007802963256854 0.47383183240890508 24.500000000000004 0.53719589114189159 47.080537796020515 0.89732640981674205
decision_type=2 2 2 2 2 2 2 2 2 2 2 2 2 2 2 2 2 2 2 2 2 2 2 2 2 2 2 2 2 2
left_child=1 9 3 4 -2 12 20 11 15 13 14 -8 -6 29 -11 16 -3 -9 -19 24 28 -4 -21 -24 25 -10 27 -23 -7 -1
right_child=2 8 21 -5 5 6 7 17 19 10 -12 -13 -14 -15 -16 -17 -18 18 -20 22 -22 26 23 -25 -26 -27 -28 -29 -30 -31
leaf_value=-0.0042771393501870592 0.016123449606187456 -0.04487370481119754 0.04970866171219037 0.024783834607949601 0.0029746561208895826 -0.040337399452952519 -0.073407752454461545 0.02474746458505854 0.0063838359555496871 -0.017363422867948234 -0.0018032421411326056 -0.01207204383180068 0.010474841508979394 0.007418892414332811 -0.0085437110370491839 -0.0018547128197724319 0.01355663822562529 -0.070968365415784065 0.0046885308541801457 0.030827943154363331 0.00092089081040433332 -0.11734595656063691 -0.10875816580506713 0.0055460893405052496 0.0018476428940906637 0.028936306226030113 0.031308689019195861 0.01836900877994364 0.0012237829989325162 0.0030185849234161547
leaf_weight=9611.886399525567 1173.0891605727375 16.414087175857276 129.86114486842416 583.147257900564 1607.5394301519264 114.71401849156246 21.680474686203524 164.36877975799143 1137.6970021587331 720.08744229120202 2850.5276568280533 78.58071754523553 3053.6642000959255 431.72447149571963 4887.032992851804 6593.2426110457163 311.04741008247947 8.5311007290147227 129.51067937468179 108.78754569520243 57.453813628526405 4.789120074361561 4.4365067442413411 43.819153869524598 7707.4187162693124 97.508586099836975 34.60591958463192 6.4900772618129849 30.238381293835118 833.16671425825916
leaf_count=167449 6777 207 365 2409 11905 2295 542 1120 8007 40624 52371 948 17557 4085 160337 90302 2329 211 1359 624 507 68 68 309 80243 438 159 41 485 13812
internal_value=-4.40893e-05 -0.00215245 0.0103113 0.00955888 0.00818011 0.00641069 -0.00497128 0.00379799 0.00116669 -0.00490267 -0.00702285 -0.0253353 0.0078882 -0.00325404 -0.00967637 -0.00126409 0.0106278 0.0134568 1.28696e-05 0.0030154 -0.0224171 0.0403759 0.0198303 -0.00496276 0.00272012 0.00816415 0.0139631 -0.0392552 -0.0316674 -0.00369518
internal_weight=42553.1 35354.8 7198.26 7022.52 6439.37 5266.28 605.078 402.672 16020.4 19334.4 8457.65 100.261 4661.2 10876.8 5607.12 6920.7 327.461 302.411 138.042 9099.67 202.406 175.746 157.043 48.2557 8942.62 1235.21 45.8851 11.2792 144.952 10445.1
internal_count=667953 621205 46748 46115 43706 36929 7467 4180 182527 438678 253332 1490 29462 185346 200961 92838 2536 2690 1570 89689 3287 633 1001 377 88688 8445 268 109 2780 181261
is_linear=0
shrinkage=0.05


Tree=20
num_leaves=31
num_cat=0
split_feature=8 9 8 5 5 9 1 8 1 7 3 5 7 1 7 7 8 1 9 5 1 1 5 8 7 8 7 1 9 7
split_gain=364.891 100.939 60.7106 57.5606 37.1075 36.0707 28.8415 29.4415 28.5962 27.4963 78.6011 26.6994 29.6385 26.1604 23.5125 33.4306 23.148 21.5684 20.8372 20.4236 19.2591 18.5286 19.6778 19.1589 18.1193 17.9543 17.9057 17.3742 19.4803 18.6243
threshold=0.25602841377258306 0.56210488080978405 0.11391146108508111 0.3366666734218598 0.19399641454219821 0.36169743537902838 12.857851505279543 0.33006310462951666 4.6502056121826181 0.95289951562881481 1.0000000180025095e-35 0.0745370388031006 0.99212232232093822 9.9998974800109881 0.99862930178642284 0.73962944746017467 0.26171511411666876 11.997292041778566 0.48546127974987036 0.033908046782016761 1.0000000180025095e-35 2.8919758796691899 0.043015725910663612 0.31942288577556616 0.83443289995193493 0.413582593202591 0.95573881268501293 2.3615931272506718 0.30875314772129064 0.99748456478118908
decision_type=2 2 2 2 2 2 2 2 2 2 2 2 2 2 2 2 2 2 2 2 2 2 2 2 2 2 2 2 2 2
left_child=2 3 8 21 16 6 7 -5 9 20 26 12 17 -7 15 25 -3 -4 -19 -10 -1 -2 -23 -24 -17 -6 -11 -13 29 -29
right_child=1 4 11 5 14 13 -8 -9 19 10 -12 27 -14 -15 -16 24 -18 18 -20 -21 -22 22 23 -25 -26 -27 -28 28 -30 -31
leaf_value=0.0037451491398242964 0.022634986802039004 0.056228172723564507 -0.0013738495766766868 0.0054163344678448064 0.018677108048820702 0.024098557174032632 0.00092289088103090697 0.024822956278751605 -0.012612984053262832 -0.0052312556104420994 0.0040365250038221397 0.012493452996756027 0.022756328399249029 0.011106669404532811 0.051097733030460057 -0.038674878964584401 0.0018533097200949965 -0.0080851686543256789 0.015152524142885961 -0.0064317470267115928 -0.0043803418153402392 -0.0025478056130720634 0.00095957371519325924 0.0061483305029335113 0.0090584192421873117 0.035454803812800764 -0.067215547002197701 -0.0016795068445749973 0.0026122339808412626 -0.032680786154795534
leaf_weight=972.75341694947565 115.35776491998695 21.004927521571517 2721.3186415241798 545.96220742212608 291.54788199113682 468.80476267752238 1564.485138906166 304.39633233007044 2164.0665394839598 13.853082279209046 129.68773520179093 266.55578981689177 100.14404450380243 2233.4039245401509 82.856325313216075 24.148535206448287 287.11487458390184 3203.5966550948797 99.465583473443985 3493.9186673637596 2913.2650352513883 1599.0782358357683 3508.9485469076317 3608.5821514648851 112.5003806790337 351.95044128131121 73.299287130357698 7385.3693246741313 3566.5204261541367 48.766081461217254
leaf_count=11467 768 73 38025 3940 1330 2315 13481 1710 88622 65 1393 2189 1147 13817 241 248 2054 81657 1052 114187 44358 21763 34954 25716 726 1169 732 119376 38914 740
internal_value=0.000131068 0.0063562 -0.00333545 0.00517248 0.0204553 0.00939216 0.00495145 0.0123632 -0.00649136 -0.00331326 -0.0206412 -0.00156425 -0.00422143 0.0133606 0.0257734 0.0230838 0.00556011 -0.00466988 -0.00738541 -0.00879595 -0.00234636 0.00272769 0.00246423 0.00359027 0.000623012 0.0278534 -0.057363 -0.000119879 -0.000425512 -0.00188287
internal_weight=42272.7 15120.1 27152.6 13949 1171.12 5117.05 2414.84 850.359 9760.84 4102.86 216.84 17391.7 6124.52 2702.21 863.004 780.147 308.12 6024.38 3303.06 5657.99 3886.02 8831.97 8716.61 7117.53 136.649 643.498 87.1524 11267.2 11000.7 7434.14
internal_count=668229 124305 543924 118464 5841 35263 19131 5650 260824 58015 2190 283100 121881 16132 3714 3473 2127 120734 82709 202809 55825 83201 82433 60670 974 2499 797 161219 159030 120116
is_linear=0
shrinkage=0.05


Tree=21
num_leaves=31
num_cat=0
split_feature=8 8 7 5 1 8 1 5 1 2 5 7 8 5 7 7 1 8 7 7 2 7 8 8 5 2 7 1 5 5
split_gain=340.467 114.322 46.1695 41.8531 38.9371 30.0508 36.686 26.4564 24.0761 23.4182 19.9259 22.4436 19.3192 24.1873 17.8423 35.826 21.327 17.0624 16.9789 17.4247 21.261 15.8178 16.822 15.6238 18.7496 17.0072 15.1917 15.0148 15.6918 15.3064
threshold=0.22742015123367312 0.35607822239398962 0.98775419592857372 0.29217478632926946 2.8919758796691899 0.13062155991792682 4.6502056121826181 0.13423423469066623 47.798774719238288 4.5000000000000009 0.027402402833104137 0.99313899874687206 0.035629669204354293 0.19399641454219821 0.6593613624572755 0.88453078269958507 41.757986068725593 0.49836425483226782 0.87414520978927623 0.75745591521263134 6.5000000000000009 0.98083293437957775 0.12401578947901727 0.032419951632618911 0.3299319744110108 3.5000000000000004 0.96982979774475109 21.317355155944828 0.54653680324554454 0.55684757232666027
decision_type=2 2 2 2 2 2 2 2 2 2 2 2 2 2 2 2 2 2 2 2 2 2 2 2 2 2 2 2 2 2
left_child=5 4 3 -3 -2 6 21 9 -4 -6 11 -8 13 -12 -9 18 -17 27 19 20 -16 22 26 -23 25 -25 -1 -5 -29 -30
right_child=1 2 8 17 7 -7 10 14 -10 -11 12 -13 -14 -15 15 16 -18 -19 -20 -21 -22 23 -24 24 -26 -27 -28 28 29 -31
leaf_value=-0.0018979650782898667 0.020989105247950751 0.0053621741282501032 0.042149628392098265 0.01726323218101887 -0.0033436969445804522 -0.0022023831720535394 -0.012242765342933604 0.0045728549952168893 -0.039830973701623487 0.0045674076997622663 -0.0067945660272445895 0.029063690666754662 -0.0044670335334903799 -0.024671737587542781 -0.01656693032050718 0.0095455251862236207 -0.018833762927541048 0.023990931660880357 -0.083051155345059913 -0.0083783740254108549 -0.077234945644702124 0.037676929256624671 -0.020773431351219451 -0.057996602064054027 0.038905978898646831 0.021050378990164511 -0.040618416041971729 0.012769062773960733 -0.075020631960606599 0.0023707734154930129
leaf_weight=4166.7258149129339 282.41526402824093 2268.0974415903911 154.6090881312266 1107.3735488532111 3052.3000603425317 12091.924191684753 2422.2903431247105 7661.7528411634266 9.5064717880450171 1348.8274351774016 555.84388219402172 33.337563207605854 3588.2777940335218 286.84188451181399 38.827518431469798 380.12408859946299 80.162093368591741 400.60462708864361 9.8907837779261154 180.67991373152472 22.993130531627685 48.809819009969942 124.63694677618332 17.678691785782576 16.810903435107321 11.062677311711015 25.486649926984683 1034.3654559641145 6.4940993888303629 394.47580686537549
leaf_count=59308 2101 16885 596 5911 42668 200884 96859 63030 113 16648 24599 653 103526 11390 706 3743 1184 1674 209 3123 525 379 1664 250 65 90 642 5651 70 2890
internal_value=7.0155e-05 0.00515184 0.0112889 0.0104666 0.00262543 -0.00393473 -0.00578884 0.00221948 0.0374009 -0.000919156 -0.00806919 -0.011682 -0.00606698 -0.0128798 0.00386897 -0.00369822 0.00460307 0.0144 -0.0188373 -0.0162182 -0.0391314 -0.00222888 -0.00267155 0.0180223 -0.00303796 -0.0275711 -0.00213337 0.0128889 0.00951408 0.00111734
internal_weight=41823.2 18433.5 5375.53 5211.41 13058 23389.7 11297.8 12775.6 164.116 4401.13 6886.59 2455.63 4430.96 842.686 8374.43 712.678 460.286 2943.31 252.391 242.501 61.8206 4411.21 4316.85 94.3621 45.5523 28.7414 4192.21 2542.71 1435.34 400.97
internal_count=668036 167727 33790 33081 133937 500309 299425 131836 709 59316 237027 97512 139515 35989 72520 9490 4927 16196 4563 4354 1231 62398 61614 784 405 340 59950 14522 8611 2960
is_linear=0
shrinkage=0.05


Tree=22
num_leaves=31
num_cat=0
split_feature=8 5 9 0 9 5 7 1 9 7 1 7 9 8 5 9 9 7 9 7 1 9 7 5 1 5 7 7 7 7
split_gain=320.492 80.1239 64.8063 52.0347 49.257 45.0341 34.2131 30.6215 27.4141 30.5159 25.549 23.6395 22.5351 22.2384 20.6086 23.1047 20.0875 20.0317 18.529 22.8399 18.8178 18.5228 18.2762 19.8742 17.1174 16.8377 16.5702 16.1963 15.9885 15.5205
threshold=0.28544640541076666 0.3366666734218598 0.27376052737236029 16.500000000000004 0.56210488080978405 0.033908046782016761 0.98083293437957775 9.9998974800109881 0.36422277987003332 0.97751167416572582 6.2534449100494394 0.56711855530738842 0.25649681687355047 -1.0000000180025095e-35 0.18090909719467166 0.19883794337511065 0.046545449644327171 0.80859315395355236 0.46480491757392889 0.99881005287170421 2.8919758796691899 0.19489932060241702 0.32196867465972906 0.27386364340782171 8.9928560256958026 0.20638945698738101 0.988243728876114 0.95090374350547802 0.99862930178642284 0.99424612522125255
decision_type=2 2 2 2 2 2 2 2 2 2 2 2 2 2 2 2 2 2 2 2 2 2 2 2 2 2 2 2 2 2
left_child=2 8 3 6 7 -5 13 -3 -2 10 -10 22 28 27 -15 16 -16 -13 19 20 -4 25 23 24 -12 -7 -22 -1 29 -8
right_child=1 4 18 5 -6 21 12 -9 9 -11 11 17 -14 14 15 -17 -18 -19 -20 -21 26 -23 -24 -25 -26 -27 -28 -29 -30 -31
leaf_value=-0.0092250910631381765 9.9071802972320228e-05 0.01870489234038215 0.019931437543545167 -0.015694787301067523 0.026861525629150819 -0.0073293483540312039 0.011633628339234921 0.0079790372823467844 0.022384426648319508 0.02445567406764048 -0.022073812070950855 -0.024813829661314638 -0.097195721538453447 -0.0041330226329354064 0.023317420775742538 0.0043746715241285115 -0.0039172393518825668 -0.00059733129318608673 0.0069967393819276224 -0.072776755497902662 -0.00079127677832691598 -0.0041888399956724566 0.042595406425098292 0.014060813629145758 0.0041750252366960982 -0.020102721358858253 0.019617194309601998 -0.051958014844812654 0.00086937676957450313 0.04153074744862667
leaf_weight=1053.781603431562 3273.7123000841821 833.13168132607825 113.44120013853535 1571.19076688512 492.722264920827 817.49002239544643 95.009330075932667 3305.8275333028287 204.41972483787686 219.95426981011406 64.048279253765941 107.44746048585512 4.4709872785024336 7858.1720617184765 69.793718507047743 1854.8973145484924 2262.62700865441 416.0823918285314 936.15882280643564 10.884710425976662 8839.4625517661916 3656.2005305354251 33.76846543001011 548.4809012003243 2051.7357137966901 376.96384794457117 100.59114819345996 22.649902984383516 108.60034833289683 79.929835907649249
leaf_count=27900 32413 4773 827 70135 2050 34896 1666 22491 1164 1383 479 2013 135 144612 865 20491 35891 4512 8072 377 126015 89508 159 2818 14097 14692 945 1007 1067 629
internal_value=-0.000243955 0.00682722 -0.00298198 -0.00463685 0.0119171 -0.00833785 -0.00286449 0.010138 0.0034203 0.00640246 0.00524341 0.00415575 0.0141825 -0.00323865 -0.00262333 0.000209854 -0.00310229 -0.00556744 0.000299764 -0.000391891 -0.000304866 -0.00595485 0.00604245 0.00557915 0.00338043 -0.0113606 -0.000561646 -0.0101243 0.0159387 0.0252936
internal_weight=41383.6 11551.3 29832.3 19831.8 4631.68 6421.85 13409.9 4138.96 6919.65 3645.94 3425.98 3221.56 288.011 13121.9 12045.5 4187.32 2332.42 523.53 10000.5 9064.38 9053.49 4850.65 2698.03 2664.26 2115.78 1194.45 8940.05 1076.43 283.54 174.939
internal_count=668082 88352 579730 443494 29314 209231 234263 27264 59038 26625 25242 24078 3497 230766 201859 57247 36756 6525 136236 128164 127787 139096 17553 17394 14576 49588 126960 28907 3362 2295
is_linear=0
shrinkage=0.05


Tree=23
num_leaves=31
num_cat=0
split_feature=9 8 8 9 7 5 0 7 7 5 1 7 7 8 1 9 0 0 1 7 7 9 7 7 7 2 5 9 7 7
split_gain=309.674 94.2148 58.7004 41.3791 30.0711 30.0324 28.6076 29.3713 35.216 27.1127 26.2186 24.3318 44.2155 23.1882 25.9696 20.8715 26.5323 24.5265 19.7656 20.7932 19.7325 26.3676 18.7342 35.0702 45.4542 20.0109 18.7624 18.534 17.8006 17.5986
threshold=0.33441087603569036 0.35607822239398962 0.16103961318731311 0.56210488080978405 0.99212232232093822 0.19399641454219821 8.5000000000000018 0.49660341441631323 0.76519805192947399 0.38548950850963598 29.521045684814457 0.83804789185523998 0.83064469695091259 0.16915708780288699 15.003796577453615 0.60599055886268627 33.500000000000007 37.500000000000007 21.999693870544437 0.98874077200889599 0.94958576560020458 0.56210488080978405 0.60793796181678783 0.76519805192947399 0.7489004135131837 9.5000000000000018 0.2806250005960465 0.32273754477500921 0.70668020844459545 0.99862930178642284
decision_type=2 2 2 2 2 2 2 2 2 2 2 2 2 2 2 2 2 2 2 2 2 2 2 2 2 2 2 2 2 2
left_child=2 4 10 18 6 -5 -2 15 -9 -4 11 12 22 -11 -15 -8 -17 -18 19 -3 21 -10 25 24 26 -1 28 -12 -24 -7
right_child=1 3 9 5 -6 29 7 8 20 13 27 -13 -14 14 -16 16 17 -19 -20 -21 -22 -23 23 -25 -26 -27 -28 -29 -30 -31
leaf_value=-0.0037515318208015446 0.011732375506103824 0.013421518822484123 -0.0018217656415635806 0.0018483332236876055 0.023829462747336751 0.024882106828070516 0.0024179303083839473 -0.026289865348975951 0.0075915937942130918 -0.017864208968054473 -0.011474991043861203 0.0027796266098265216 -0.076412794917119609 0.0085154202407559439 -0.0010030675940111663 0.034827342072212053 -0.091669659743510656 0.0070741412371814836 0.0070436070065457435 0.049388733276851553 -0.014095633698455214 -0.032008269221386138 -0.027789475947460431 0.0060440289153700106 -0.060630665258126472 -0.010944976098652151 0.021040482849689502 0.012317397392994273 0.011243438064036567 0.054698256054862865
leaf_weight=9169.0972550810548 807.02700840891339 1522.8937450463418 11437.935847076355 140.05647221324034 173.6883821147494 573.69805823871866 6103.8010849495186 182.08146615466103 448.64801072794944 122.00911267055199 1962.9351603788091 1085.2546398924896 21.678535585757345 1651.1485443173442 1266.0375037882477 114.90649982634932 6.5980601897463194 134.0891184983775 2236.6338227649685 41.272451370023191 220.70591879345011 46.382012087386101 148.51259599730838 131.63868489675224 68.589696440321859 1080.7455937092891 32.576686993008479 85.414416551357135 36.359776533790864 54.162091871025041
leaf_count=187812 5290 8741 169661 1001 1011 2480 60358 3850 7779 1906 85873 26433 737 13630 16143 407 69 720 15236 116 4147 789 5282 5959 1987 35969 741 1782 1777 146
internal_value=-1.21326e-05 0.00643908 -0.00293152 0.0121978 0.00324534 0.0227841 0.002802 0.00180891 -0.00665674 -0.000706392 -0.00526198 -0.00435372 -0.00507796 0.00349129 0.00438447 0.00300409 0.017002 0.00244318 0.0100589 0.0143706 -0.00166213 0.00388127 -0.00493299 -0.0153129 -0.0251417 -0.00451001 -0.0139474 -0.0104829 -0.0201127 0.0274542
internal_weight=41106.6 12806.6 28299.9 4568.72 8237.93 767.917 8064.24 7257.21 897.817 14477.1 13822.8 11774.5 10689.2 3039.2 2917.19 6359.39 255.594 140.687 3800.8 1564.17 715.736 495.03 10667.5 417.677 286.039 10249.8 217.449 2048.35 184.872 627.86
internal_count=667832 112140 555692 27720 84420 3627 83409 78119 16565 201340 354352 266697 240264 31679 29773 61554 1196 789 24093 8857 12715 8568 239527 15746 9787 223781 7800 87655 7059 2626
is_linear=0
shrinkage=0.05


Tree=24
num_leaves=31
num_cat=0
split_feature=8 8 5 7 1 9 7 8 0 9 5 1 9 2 7 9 9 1 9 8 0 7 7 5 8 8 1 9 9 8
split_gain=317.593 101.184 51.7631 41.0958 34.0947 27.791 28.2659 26.5153 29.5305 26.151 22.2375 22.1329 25.6313 22.0709 21.241 19.3418 17.5455 17.008 23.116 16.5605 16.0999 16.5986 38.3172 17.4798 16.4323 25.5771 14.463 16.5463 17.1421 15.1107
threshold=0.21121312677860263 0.35607822239398962 0.28730159997940069 0.97751167416572582 2.8919758796691899 0.33024857938289648 0.99212232232093822 0.11284141987562181 5.5000000000000009 0.5145511031150819 0.13921189308166507 8.1424841880798358 0.33441087603569036 5.5000000000000009 0.49660341441631323 0.25310683250427252 0.36701175570487982 30.13643836975098 0.36422277987003332 0.28095337748527532 26.500000000000004 0.77256363630294811 0.7489004135131837 0.082482993602752699 0.032419951632618911 0.011765103787183763 6.0014812946319589 0.33233885467052465 0.25007364153862005 0.36118936538696295
decision_type=2 2 2 2 2 2 2 2 2 2 2 2 2 2 2 2 2 2 2 2 2 2 2 2 2 2 2 2 2 2
left_child=7 4 26 9 19 -6 10 8 -1 -4 13 12 -9 16 -11 20 17 18 -7 -2 21 22 -10 24 25 -23 27 28 -3 -30
right_child=1 2 3 -5 5 6 -8 11 15 14 -12 -13 -14 -15 -16 -17 -18 -19 -20 -21 -22 23 -24 -25 -26 -27 -28 -29 29 -31
leaf_value=-0.003160989784988074 0.0098803007689393166 0.063008504676984975 0.011116147915054893 0.046466112497896166 0.00011950307022503867 -0.011635400431334444 0.026060128225416479 -0.00049062397548838021 -0.0091140614649532492 0.025865559118537603 0.0060031259618608885 -0.0041657950224043743 0.017444247415657903 0.0082669319580817267 0.00015645394105869091 -0.002458623946832415 -0.0082651251992077405 0.011303907919378513 0.033971833517778459 0.032998462382433341 -0.015524087798866576 -0.018521106342936022 -0.07044684769946602 0.016978492919807155 -0.018495605201604103 0.041041361110466149 0.0039669849521482515 0.029552521199472416 0.025362603364952691 -0.10763994574042404
leaf_weight=4261.5471359719522 216.0150457478594 3.6264266315847626 2225.2916523492895 99.177262574667111 8045.6608898845734 230.81329556484707 148.89437235775404 3526.2053424355108 2659.0744257278275 584.74439115682617 4346.5819644813892 7710.9550464539789 211.13944787182845 528.84491158486344 93.138716695830226 968.86751465313137 845.24926852935459 298.50826701405458 31.585362592246383 120.77676970977336 1088.7015026970766 35.46435039723292 25.711515468312427 124.7075834578136 119.03013431292493 36.650191444437951 2196.7190654948354 98.000442443881184 3.1656467542052251 6.5626225033774972
leaf_count=63985 1885 10 13147 321 101629 2874 727 45176 92514 2445 34219 167155 1428 5604 658 25634 10492 3778 207 781 61844 2403 1052 3787 5768 1166 16623 536 26 101
internal_value=9.0317e-05 0.0045668 0.0104883 0.0148165 0.00244395 0.00207806 0.00452857 -0.0042472 -0.00622731 0.0137353 0.0040182 -0.00263525 0.000522598 -0.000440542 0.0223332 -0.00881069 -0.00371536 0.00314084 -0.00614558 0.0181707 -0.0103157 -0.00842591 -0.00970143 0.00241615 -0.00708468 0.0117498 0.00485812 0.0224376 -0.0297735 -0.06436
internal_weight=40891.4 20123.4 5310.43 3002.35 14812.9 14476.1 6430.48 20768.1 9319.75 2903.17 6281.58 11448.3 3737.34 1935 677.883 5058.21 1406.16 560.907 262.399 336.792 4089.34 3000.64 2684.79 315.852 191.145 72.1145 2308.07 111.355 13.3547 9.72827
internal_count=667975 196063 33867 16571 162196 159530 57901 471912 258153 16250 57174 213759 46604 22955 3103 194168 17351 6859 3081 2666 168534 106690 93566 13124 9337 3569 17296 673 137 127
is_linear=0
shrinkage=0.05


Tree=25
num_leaves=31
num_cat=0
split_feature=8 8 8 5 7 9 0 0 7 2 0 7 7 7 7 7 7 9 0 0 5 5 8 8 5 8 3 9 5 7
split_gain=275.664 68.2812 54.8444 47.9767 43.5515 25.1327 21.6183 21.4697 21.1102 20.5726 18.6718 18.5113 23.9388 27.1502 23.3728 43.5829 47.9919 23.6089 25.7602 20.2365 19.246 16.7329 16.6473 16.5998 16.0672 17.7526 16.0143 15.9006 15.6578 23.048
threshold=0.27194514870643621 0.49836425483226782 0.17629654705524447 0.21132376790046695 0.9878520965576173 0.40493243932724005 22.500000000000004 5.5000000000000009 0.49660341441631323 14.500000000000002 44.500000000000007 0.93210574984550487 0.91455036401748668 0.89732640981674205 0.6593613624572755 0.76519805192947399 0.7489004135131837 0.20969989150762561 3.5000000000000004 11.500000000000002 0.46076923608779913 0.22111111134290698 -0.0057271264959126702 0.4259308129549027 0.032795699313282974 0.17506921291351321 14.500000000000002 0.23039199411869052 0.18090909719467166 0.94516494870185863
decision_type=2 2 2 2 2 2 2 2 2 2 2 2 2 2 2 2 2 2 2 2 2 2 2 2 2 2 2 2 2 2
left_child=2 3 9 -2 5 6 -5 -4 -8 11 -7 12 13 14 17 16 19 18 -1 -16 28 -17 -23 -12 25 -20 -18 -15 -13 -30
right_child=1 -3 7 4 -6 10 8 -9 -10 -11 23 20 -14 27 15 21 26 -19 24 -21 -22 22 -24 -25 -26 -27 -28 -29 29 -31
leaf_value=-0.0017539873127214005 0.0016533547810981541 0.022920840582506485 0.0057322363302816301 0.0090450157961756341 0.038892637726929219 0.014380749173363919 0.0029301312458380655 -0.00085299852671587208 -0.020514891115423844 -0.010418698000881577 0.0019312440799953993 0.0035024934374612419 -0.028962404509096696 0.038976474596263758 -0.0021356262081528654 0.0012406934273812135 -0.067248769257891097 -0.00093614072431966199 -0.010155073455082649 -0.032272504494053243 0.033954361130757331 0.057815533144296487 -0.038220258481699201 0.016922691113256973 -0.0050340884348761819 -0.089154536893829073 0.012943160479001875 -0.034487266715417401 0.022309200260232115 -0.033698731840608266
leaf_weight=3063.4534391605994 5024.6439786626725 582.49401721963659 1408.6577024469152 1955.0341285800096 112.50488308537751 1751.0739010155667 2253.3997905284632 10199.807461358956 100.28624584060162 1369.3538424147991 726.08275662641972 774.73118740797509 99.022242305101827 53.16574749792926 124.32383814227069 359.63112776895287 74.1841279695509 4328.8428823736031 2556.5753349846345 100.9202618409181 47.249258109834045 4.989098962629213 47.237601893721148 247.62812837585807 3124.6024381198222 7.1311937235295764 6.7960196422645813 8.5501325714867544 25.333795350044966 66.809561015106738
leaf_count=38566 52188 2515 12655 13563 481 9765 17400 149122 1880 53219 4840 16910 3941 1326 3358 14155 2307 92211 80406 4289 444 112 1705 1262 86758 226 235 427 301 1449
internal_value=0.000109319 0.0061975 -0.00267846 0.00539711 0.0080295 0.00753582 0.00515901 -5.3897e-05 0.00193118 -0.00455418 0.0112943 -0.00401426 -0.00446565 -0.00429063 -0.00443863 -0.0132214 -0.0275069 -0.00395648 -0.00545042 -0.0156384 0.00287881 -0.00259991 -0.0290462 0.00574378 -0.00744114 -0.0103748 -0.0605189 0.0287988 0.00118503 -0.0183
internal_weight=40604.5 12753.1 27851.4 12170.7 7146.01 7033.5 4308.72 11608.5 2353.69 16242.9 2724.78 14873.5 13959.4 13860.4 13798.7 718.082 306.224 13080.6 8751.76 225.244 914.124 411.858 52.2267 973.711 5688.31 2563.71 80.9801 61.7159 866.875 92.1434
internal_count=668016 103894 564122 101379 49191 48710 32843 161777 19280 402345 15867 349126 330022 326081 324328 26161 10189 298167 205956 7647 19104 15972 1817 6102 167390 80632 2542 1753 18660 1750
is_linear=0
shrinkage=0.05


Tree=26
num_leaves=31
num_cat=0
split_feature=8 8 5 7 8 9 1 1 7 7 0 1 5 9 2 7 2 5 9 9 9 7 8 1 1 9 5 8 1 8
split_gain=267.183 63.5951 59.2489 34.626 26.0302 25.988 26.3473 21.1004 20.9957 28.8396 37.0683 21.9005 30.2919 25.0825 20.1405 18.6243 18.1521 17.8329 17.6234 17.4813 16.771 16.4079 16.7587 15.8314 15.7415 19.7114 15.4992 15.6786 15.4639 15.2454
threshold=0.31942288577556616 0.18973889201879504 0.15849281847476962 0.98052415251731884 0.46450005471706396 0.60599055886268627 2.8919758796691899 5.2715377807617196 0.94158759713172924 0.94516494870185863 1.0000000180025095e-35 0.84756064414978038 0.084219858050346388 0.30875314772129064 21.500000000000004 0.49660341441631323 2.5000000000000004 0.36939570307731634 0.19489932060241702 0.12912439554929736 0.29980179667472845 0.97875431180000316 0.24362508207559588 13.664691448211672 3.2677227258682255 0.30875314772129064 0.49489796161651617 0.10714648291468622 7.3733773231506357 -0.054125083610415452
decision_type=2 2 2 2 2 2 2 2 2 2 2 2 2 2 2 2 2 2 2 2 2 2 2 2 2 2 2 2 2 2
left_child=1 8 24 4 7 6 18 -4 11 10 -10 -1 -13 14 19 -7 26 -8 -3 23 -21 -17 -23 -14 25 -2 27 -12 -15 -11
right_child=2 5 3 -5 -6 15 17 -9 9 29 16 12 13 28 -16 21 -18 -19 -20 20 -22 22 -24 -25 -26 -27 -28 -29 -30 -31
leaf_value=0.0022255602256015163 -0.091244313049380132 -0.011952477337092461 0.021678159872081326 0.032903327658553333 0.018393404331824636 0.024970715758188419 -0.0011311128248500711 0.0079151336914862324 -0.10202471797913951 -0.066449488500559734 0.017926801318142473 -0.0070801662318161337 -0.0072349915432923864 0.018571837041545323 -0.015530640734371756 -0.021630451890448418 0.035021938890696026 0.0032195863779904558 0.017357257795907476 -0.0014464769346101587 -0.018769815289534711 -0.053829591634588225 0.034821705662596875 -0.031265159165463879 0.0003092414619085763 0.041356055565112348 0.066543600857486201 -0.039054046234465116 0.001693414907361363 -0.00033343353046966223
leaf_weight=1158.076840859314 3.0256482036784282 60.518454851699062 296.16001627920195 171.32983016618527 812.00181430438533 182.31828516116366 10802.468546481919 4666.2805923053529 5.9696200480684629 8.8126358558074553 24.953404029482044 7890.1528241088963 1113.8264341633767 154.49125406797975 354.2059226121055 50.778439455199987 127.30876804247964 3011.9971817111364 336.21548861684278 4776.4606246786425 143.92200635466725 6.3139276807196429 34.245475817006081 73.034462343668565 2028.7495246613398 38.025889373384416 7.7459031124599269 23.38663890096359 1115.9925148062175 820.54410942154936
leaf_count=13269 55 688 1722 751 3969 763 144936 30112 60 600 572 225661 23684 1084 14388 646 1230 30402 2687 105707 2566 52 145 4047 20316 214 30 636 16925 20411
internal_value=4.48686e-05 -0.00198375 0.0082154 0.0107517 0.0100945 0.000476213 0.000182322 0.00873652 -0.00398569 0.00298393 0.0205898 -0.00440881 -0.00490063 -0.00267649 -0.00393928 0.0157382 0.024581 -0.000182521 0.0128863 -0.003267 -0.00195319 -0.00269057 0.0210213 -0.00871371 0.00092951 0.0315829 0.000881364 -0.00964021 0.00374584 -0.00103597
internal_weight=40299.3 32283.7 8015.57 5945.77 5774.44 14484.9 14211.2 4962.44 17798.9 1018.72 189.364 16780.2 15622.1 7731.93 6461.45 273.656 183.395 13814.5 396.734 6107.24 4920.38 91.3378 40.5594 1186.86 2069.8 41.0515 56.0859 48.34 1270.48 829.357
internal_count=668328 611189 57139 36554 35803 180319 178713 31834 430870 23539 2528 407331 394062 168401 150392 1606 2468 175338 3375 136004 108273 843 197 27731 20585 269 1238 1208 18009 21011
is_linear=0
shrinkage=0.05


end of trees

feature_importances:
article_popularity=183
emb_max_sim=154
emb_score=139
cat_affinity=122
user_hist_recency_sum=115
user_click_count=54
session_clicks_1h=26
session_clicks_24h=14
category_match=3

parameters:
[boosting: gbdt]
[objective: lambdarank]
[metric: ndcg]
[tree_learner: serial]
[device_type: cpu]
[data_sample_strategy: bagging]
[data: ]
[valid: ]
[num_iterations: 500]
[learning_rate: 0.05]
[num_leaves: 31]
[num_threads: 0]
[seed: 42]
[deterministic: 0]
[force_col_wise: 0]
[force_row_wise: 0]
[histogram_pool_size: -1]
[max_depth: -1]
[min_data_in_leaf: 20]
[min_sum_hessian_in_leaf: 0.001]
[bagging_fraction: 0.9]
[pos_bagging_fraction: 1]
[neg_bagging_fraction: 1]
[bagging_freq: 1]
[bagging_seed: 400]
[bagging_by_query: 0]
[feature_fraction: 0.9]
[feature_fraction_bynode: 1]
[feature_fraction_seed: 30056]
[extra_trees: 0]
[extra_seed: 12879]
[early_stopping_round: 0]
[early_stopping_min_delta: 0]
[first_metric_only: 0]
[max_delta_step: 0]
[lambda_l1: 0]
[lambda_l2: 0]
[linear_lambda: 0]
[min_gain_to_split: 0]
[drop_rate: 0.1]
[max_drop: 50]
[skip_drop: 0.5]
[xgboost_dart_mode: 0]
[uniform_drop: 0]
[drop_seed: 17869]
[top_rate: 0.2]
[other_rate: 0.1]
[min_data_per_group: 100]
[max_cat_threshold: 32]
[cat_l2: 10]
[cat_smooth: 10]
[max_cat_to_onehot: 4]
[top_k: 20]
[monotone_constraints: ]
[monotone_constraints_method: basic]
[monotone_penalty: 0]
[feature_contri: ]
[forcedsplits_filename: ]
[refit_decay_rate: 0.9]
[cegb_tradeoff: 1]
[cegb_penalty_split: 0]
[cegb_penalty_feature_lazy: ]
[cegb_penalty_feature_coupled: ]
[path_smooth: 0]
[interaction_constraints: ]
[verbosity: -1]
[saved_feature_importance_type: 0]
[use_quantized_grad: 0]
[num_grad_quant_bins: 4]
[quant_train_renew_leaf: 0]
[stochastic_rounding: 1]
[linear_tree: 0]
[max_bin: 255]
[max_bin_by_feature: ]
[min_data_in_bin: 3]
[bin_construct_sample_cnt: 200000]
[data_random_seed: 175]
[is_enable_sparse: 1]
[enable_bundle: 1]
[use_missing: 1]
[zero_as_missing: 0]
[feature_pre_filter: 1]
[pre_partition: 0]
[two_round: 0]
[header: 0]
[label_column: ]
[weight_column: ]
[group_column: ]
[ignore_column: ]
[categorical_feature: ]
[forcedbins_filename: ]
[precise_float_parser: 0]
[parser_config_file: ]
[objective_seed: 16083]
[num_class: 1]
[is_unbalance: 0]
[scale_pos_weight: 1]
[sigmoid: 1]
[boost_from_average: 1]
[reg_sqrt: 0]
[alpha: 0.9]
[fair_c: 1]
[poisson_max_delta_step: 0.7]
[tweedie_variance_power: 1.5]
[lambdarank_truncation_level: 30]
[lambdarank_norm: 1]
[label_gain: ]
[lambdarank_position_bias_regularization: 0]
[eval_at: 5,10]
[multi_error_top_k: 1]
[auc_mu_weights: ]
[num_machines: 1]
[local_listen_port: 12400]
[time_out: 120]
[machine_list_filename: ]
[machines: ]
[gpu_platform_id: -1]
[gpu_device_id: -1]
[gpu_device_id_list: ]
[gpu_use_dp: 0]
[num_gpu: 1]

end of parameters

pandas_categorical:[]
