tree
version=v4
num_class=1
num_tree_per_iteration=1
label_index=0
max_feature_idx=4
objective=lambdarank
feature_names=emb_score user_click_count category_match freshness_days article_popularity
feature_infos=[-0.18024404346942902:0.94949448108673096] [0:546] [0:1] none [0:4316]
tree_sizes=6946 6986 6905 6905 6874

Tree=0
num_leaves=63
num_cat=0
split_feature=4 4 4 4 4 4 4 4 4 4 0 4 4 4 4 4 4 4 4 4 4 4 4 0 4 4 4 4 4 4 0 4 0 4 4 4 4 4 4 4 4 0 0 0 1 4 1 4 1 1 1 4 0 0 0 1 4 1 4 4 4 0
split_gain=1108.52 354.52 280.852 139.414 111.755 39.0021 17.6033 16.1799 68.3609 55.1112 23.706 17.5359 38.5339 15.6165 29.2869 23.0954 22.5637 24.292 21.9327 27.269 23.3457 81.8154 27.5677 23.1228 18.5569 15.755 15.1263 15.0272 14.8817 14.4108 14.0516 13.7129 13.6481 13.5636 12.1434 17.6864 15.0754 11.51 23.1412 11.0912 11.2394 11.0768 10.7385 10.3369 10.6551 9.16572 9.14174 9.06169 11.5086 8.7286 8.71787 9.62908 9.0844 8.69214 13.1876 8.454 7.96191 10.5712 10.6217 28.5476 8.83214 7.66153
threshold=620.00000000000011 1.0000000180025095e-35 2029.0000000000002 94.500000000000014 3.5000000000000004 55.500000000000007 2436.0000000000005 880.00000000000011 792.50000000000011 822.00000000000011 0.24183077365159991 1136.5000000000002 1110.5000000000002 222.50000000000003 169.50000000000003 563.00000000000011 154.50000000000003 152.50000000000003 490.00000000000006 391.50000000000006 282.00000000000006 270.50000000000006 291.00000000000006 0.27291661500930792 262.50000000000006 96.500000000000014 107.50000000000001 92.500000000000014 1101.0000000000002 480.50000000000006 0.059392226859927184 573.00000000000011 0.2059959098696709 819.50000000000011 1242.5000000000002 1484.0000000000002 1902.5000000000002 245.50000000000003 250.50000000000003 608.50000000000011 611.00000000000011 0.3363016545772553 0.37740188837051397 0.02533158473670483 14.500000000000002 187.50000000000003 9.5000000000000018 211.50000000000003 5.5000000000000009 5.5000000000000009 98.500000000000014 47.500000000000007 0.097335044294595732 0.1640807315707207 0.066239953041076674 19.500000000000004 759.00000000000011 3.5000000000000004 709.50000000000011 694.50000000000011 730.50000000000011 1.0000000180025095e-35
decision_type=2 2 2 2 2 2 2 2 2 2 2 2 2 2 2 2 2 2 2 2 2 2 2 2 2 2 2 2 2 2 2 2 2 2 2 2 2 2 2 2 2 2 2 2 2 2 2 2 2 2 2 2 2 2 2 2 2 2 2 2 2 2
left_child=1 -1 7 4 -3 50 -4 8 56 33 -11 12 28 14 16 18 17 25 19 20 21 24 -22 -20 37 -5 -27 -7 32 -21 45 -17 -9 -10 -13 -36 -37 49 -39 -33 -41 -30 -24 44 -40 -16 47 48 -47 -15 52 -52 -6 54 -29 -56 57 -2 59 -59 -60 -28
right_child=2 3 6 13 5 27 -8 11 9 10 -12 34 -14 15 30 31 -18 -19 23 29 22 -23 42 -25 -26 26 61 53 41 -31 -32 39 -34 -35 35 36 -38 38 43 40 -42 -43 -44 -45 -46 46 -48 -49 -50 -51 51 -53 -54 -55 55 -57 -58 58 60 -61 -62 -63
leaf_value=-0.10000000000000001 -0.0037415951256235752 0.013103877967223471 0.064879655839723813 0.021223420074837584 -0.013997400485433962 -0.0067870285067674037 0.04791581701200346 0.019874948743326806 -0.014817873886596972 0.019476348396198467 -0.025998849375271239 0.0075958638249921957 0.058026367881776411 -0.010827875262457003 -0.014220480842542736 -0.03768033050909881 0.011313125627631 -0.032403634193886477 0.0080911777556783009 -0.0045531971806121027 0.044603803740565849 -0.035652769958490003 0.0087987563538472653 0.039940846596394533 0.030478553705384222 -0.012125393806636235 0.010418386114369831 -0.048049367849703872 -0.015175640269304142 -0.032695599839943378 -0.013549206708128762 0.0039448324086752513 0.043554014963528447 -0.045620690890290208 0.034231201743602689 0.010257064925795072 0.033886328743729245 -0.020211009735261101 0.00661111320236783 -0.037884881226344529 -0.0086132933587747349 0.02582889208045501 -0.070286959246135566 0.014183454064730136 -0.049676756157529506 0.018530746577467377 0.024020785818830132 -0.03557781291509813 -0.042529884828799915 0.011954992750537385 -0.0048244998477875167 -0.035654461952890459 -0.01976788410953223 -0.059887147241057682 -0.028220047552500235 0.034562489589970442 0.037611335699197251 0.020087919880605577 0.0080682878598093474 0.055962898008784658 0.026382825586297055 -0.0015029970411885741
leaf_weight=101.43241931512603 42.248904962238157 408.32759862355306 207.52983202124597 72.976096645332291 1008.8452879973411 1564.0746551090997 581.24358372655115 201.08779801780474 81.240038648888003 171.39467164344387 34.412162296270253 232.03154141595587 94.077095941524021 48.209570622973843 61.047666578204371 41.060103215131676 346.69549165776698 66.094812676019501 347.91581490304816 860.53838309857383 56.378670481470181 142.08720139661455 739.57734257992706 68.148624085471965 68.866348216339247 325.72827073272492 154.18524362726021 20.606655876646983 41.366593297600048 48.027681442705216 819.93447365118482 136.60138414043467 87.259395819128258 63.807935675198678 178.380717246735 315.63971114202286 85.863034926034743 127.61647323070792 20.599776162911439 40.924676775379339 165.05513371193229 27.365130121761467 4.3173261093616011 135.62533863097633 14.205241475952787 41.752870458585676 57.708603283332195 16.280051856621867 9.4664163556881231 328.53397776563361 226.15925208263798 28.520613854430849 2105.484051475556 19.18097854955704 9.377925148757642 12.521112374612128 75.372942663845606 234.66848661110271 171.84730578766903 72.611633947002701 106.70230770722264 1070.4434809516897
leaf_count=9901 1187 18164 2193 2925 54212 71346 6892 3872 1823 3246 729 5489 1214 1795 2348 1144 12218 2454 8618 25246 1313 4788 23087 1554 1568 14086 5515 864 1010 1307 30434 3665 1324 2177 2922 6392 1495 4452 720 1067 4579 525 223 3770 790 1170 1602 566 444 10981 10919 1477 114440 898 386 395 1981 5360 4052 1280 2441 41018
internal_value=-3.6243e-10 -0.00692152 0.0266088 -0.0061241 -0.012046 -0.014102 0.0523791 0.0178372 0.0132643 -0.00476351 0.0118726 0.0216543 0.0295576 -0.00115308 -0.00375447 0.00117855 -0.000305873 -0.00269026 0.00265084 0.000941874 0.00470474 -0.000887781 0.0108945 0.0133079 0.00575461 -0.00148047 -0.00254915 -0.00774169 0.0220572 -0.00604083 -0.010733 -0.0103753 0.0270407 -0.0283683 0.0172626 0.0211306 0.0153103 0.00323139 -0.00411044 -0.00710262 -0.0144291 0.00115007 0.00833977 0.00794549 -0.0163621 0.00166425 0.00940918 -0.00308303 0.00724544 0.00903961 -0.0171713 -0.00827703 -0.0178986 -0.0319472 -0.0193391 0.00767684 0.0222559 0.0204132 0.0221552 0.0285653 0.0150839 -2.05122e-06
internal_weight=15047.3 11941.1 3106.15 11839.7 5403.1 4994.77 788.773 2317.38 1054.31 350.855 205.807 1263.07 451.156 6436.6 3042.31 3394.29 2036.12 1689.43 3010.65 2594.58 1686.02 885.744 800.273 416.064 743.657 1623.33 1550.36 1625.76 357.079 908.566 1006.19 383.641 288.347 145.048 811.915 579.883 401.503 674.79 298.047 342.581 205.98 68.7317 743.895 170.43 34.805 186.256 125.208 67.4993 51.2193 376.744 3369.01 254.68 3114.33 61.6867 42.5057 21.899 703.452 628.079 585.83 307.28 278.55 1224.63
internal_count=556053 498449 57604 488548 273101 254937 9085 48519 24276 7975 3975 24243 7945 215447 114780 100667 78216 65998 90212 80040 53487 28864 24623 10172 24076 63544 60619 73889 6731 26553 36564 10455 5196 4000 16298 10809 7887 22508 9732 9311 5646 1535 23310 5280 1510 6130 3782 2180 1614 12776 181048 12396 168652 2543 1645 781 16301 14320 13133 6640 6493 46533
is_linear=0
shrinkage=0.05


Tree=1
num_leaves=63
num_cat=0
split_feature=4 4 4 4 4 4 4 4 4 4 4 4 4 1 0 0 4 4 1 4 0 0 1 1 1 4 4 0 0 0 0 4 0 4 0 0 4 0 0 1 0 0 0 0 4 4 4 0 1 0 1 0 1 0 2 4 4 0 1 1 0 4
split_gain=1135.78 269.296 217.233 196.175 112.05 70.9466 66.9054 63.8932 60.0667 56.4141 40.8749 38.6401 59.0457 46.6711 41.8882 40.6079 40.4462 37.3032 33.164 29.9005 24.4429 24.3179 24.6737 24.3171 24.3132 22.1491 40.968 29.8047 32.7996 22.8566 23.0958 21.9898 30.2517 28.4365 47.6604 45.4362 41.7929 24.0454 33.9506 20.4224 20.4221 30.4398 20.4037 20.3678 20.0569 28.623 24.11 19.6116 19.5506 19.4467 18.6308 25.7724 18.4993 18.2195 20.4691 18.0397 36.2084 32.8778 35.3137 31.8705 28.6384 27.7354
threshold=2029.0000000000002 282.00000000000006 1.0000000180025095e-35 2436.0000000000005 273.00000000000006 3831.0000000000005 1033.0000000000002 3.5000000000000004 2706.5000000000005 768.00000000000011 2199.0000000000005 834.00000000000011 871.00000000000011 14.500000000000002 0.083442900329828276 0.24183077365159991 822.00000000000011 1739.0000000000002 54.500000000000007 1.5000000000000002 0.08920880034565927 0.31703564524650579 40.500000000000007 12.500000000000002 33.500000000000007 187.50000000000003 179.50000000000003 0.21740616858005526 0.39044284820556646 0.0039029866456985478 1.0000000180025095e-35 177.50000000000003 0.27453984320163732 122.50000000000001 0.084870606660842909 0.21857553720474246 119.50000000000001 0.28650876879692083 0.13978935778141025 21.500000000000004 0.21740616858005526 0.14202174544334414 0.37178504467010504 0.087762340903282179 163.50000000000003 161.50000000000003 173.00000000000003 0.21394024789333346 21.500000000000004 -0.031290791928768151 24.500000000000004 0.11517838016152383 60.500000000000007 0.23812183737754825 1.0000000180025095e-35 694.50000000000011 608.50000000000011 0.061162797734141357 110.50000000000001 52.500000000000007 0.36195491254329687 724.00000000000011
decision_type=2 2 2 2 2 2 2 2 2 2 2 2 2 2 2 2 2 2 2 2 2 2 2 2 2 2 2 2 2 2 2 2 2 2 2 2 2 2 2 2 2 2 2 2 2 2 2 2 2 2 2 2 2 2 2 2 2 2 2 2 2 2
left_child=1 2 -1 10 7 8 9 18 -5 42 -2 16 -13 15 -15 53 23 -8 19 -4 -21 22 -19 -11 -18 26 29 49 -29 30 -9 33 -33 34 -31 44 -36 38 -38 -39 41 -7 55 -16 45 -35 -46 -43 -34 -27 -51 -52 -41 54 -14 56 60 59 -59 -58 -3 -57
right_child=3 6 4 5 -6 40 17 25 -10 11 -12 12 13 14 43 -17 24 21 -20 20 -22 -23 -24 -25 -26 27 -28 28 -30 31 -32 32 48 35 36 -37 37 39 -40 52 -42 47 -44 -45 46 -47 -48 -49 -50 50 51 -53 -54 -55 -56 61 57 58 -60 -61 -62 -63
leaf_value=-0.094379989436710027 0.029615142067189598 0.0023446784505273053 -0.009174608614034364 0.0089455044044589992 -0.047022917843021303 0.01180046063632972 0.0087894258112410587 -0.0076206449133307298 0.026952199021936796 0.0047796992160623504 0.049819613228966143 0.014809769468712965 -0.0069045301207241146 0.02245289355700969 -0.10115130883160313 -0.061804820280406327 -0.037754266022038921 0.0002723508741610332 -0.000781035364344299 -0.011684541932534959 -0.029003392901304062 0.031170650606015315 -0.019958034805406033 -0.015341128275868724 -0.0091697914109890276 0.013505642860689114 0.016266949000166425 -0.014789004520709423 0.015392495695363155 0.0028181383313013756 -0.041423384729176449 -0.042366459358461867 -0.098237049860449122 -0.0021092808579201562 -0.0052192211156523371 0.0091003519296288301 -0.0024918063041148544 0.030040746437250316 -0.057221289169367133 -0.050434630543505582 0.014608251198119019 -0.010368880829209035 -0.011486560413956308 -0.0064219326437216298 -0.017466160980955332 0.026486548637614585 0.0094742713018204309 -0.080986676833487148 0.037146208821027211 -0.0084317342391738125 -0.0079931881314432539 0.0066621030413838191 0.0061973214113195873 0.064999450756740004 -0.030718053807457485 0.014721135916209552 0.011116161017476325 -0.011599062662048567 0.026639145710958774 -0.047130294727006597 0.03634540160797229 0.0018278202902618675
leaf_weight=68.984235636278754 389.42725915461779 7285.9409279638785 676.70675758272409 617.79066198505461 161.68033131351694 235.99246444739401 4416.4311885570642 2605.2570967118954 1850.0235445033759 257.2673594544176 700.79322033561766 395.05007883510552 234.88471682509407 169.15087477304041 5.7733658347278825 51.562486602924764 228.71750402636826 759.17587129410822 386.24133842694573 309.88511439727154 594.71819299121853 52.643035877496004 188.05226339865476 360.6903064212529 110.25077720731497 139.04985476389993 252.94832159252837 1535.4621594897471 95.623591455165297 1967.6406195643358 51.531895771156996 75.522230290225707 3.0308718681335476 1728.4555185956415 9470.6574626669753 1132.3555805559154 40.756714480929077 26.36358863429632 92.984756892430596 29.84306695277337 365.60804808139801 237.4681108109653 285.32350930594839 330.79481135448441 402.38185239257291 92.175168223213404 104.64592689368874 10.256240796297787 22.191908309003338 2092.6400784113212 596.0235487234313 603.98559348471463 27.90294190379791 7.0616906508803359 146.53379736188799 666.91730664018542 353.00486420223024 1165.3933738591149 63.678498707013205 25.158762831240892 62.462628699140623 1113.5299692570698
leaf_count=9901 918 64391 5926 1343 2188 451 18933 46074 3817 1773 1275 1359 836 695 42 252 675 2407 3195 2668 6375 112 785 3282 289 1015 3960 16080 836 40184 1225 1451 83 21465 206667 13080 512 265 1729 558 734 516 2316 1370 5374 725 1927 31 227 20611 5720 6294 331 11 452 3211 2253 7776 367 280 381 6074
internal_value=-6.76526e-11 -0.0024175 -0.00577312 0.0242022 -0.0055317 0.0181546 0.00212957 -0.00526504 0.0224444 0.000224185 0.0426026 -0.00690261 -0.00142496 -0.0082063 0.00215456 -0.0201135 -0.0145777 0.00681506 -0.0139157 -0.0171239 -0.0230706 -0.00190572 -0.00374397 -0.00696445 -0.0284571 -0.00453106 -0.00371441 -0.00745499 -0.0130196 -0.00399718 -0.00827629 -0.00325007 -0.0265324 -0.0030949 -0.00427644 0.000885492 -0.00571728 -0.0273695 -0.0405429 -0.00642279 0.00569019 -0.00105036 0.00170997 -0.00804689 -0.00311086 -0.000661527 -0.0119059 -0.0132926 0.020878 -0.00481014 -0.00558362 -0.000616924 -0.02307 -0.0145799 -0.0160532 0.00206069 0.00114683 -0.0056512 -0.00961793 0.0072411 0.00263369 0.00665738
internal_weight=48530.5 44123.1 25387.6 4407.36 25318.7 3317.14 18735.4 25157 2467.81 13319.1 1090.22 2297.74 1340.81 945.762 505.719 440.043 956.926 5416.3 1967.55 1581.31 904.603 999.871 947.228 617.958 338.968 23189.4 18126.6 5062.78 1631.09 17873.7 2656.79 15216.9 100.745 15116.2 11656.1 3460.01 9688.51 217.851 133.741 84.1096 849.325 483.717 11021.4 336.568 2327.66 1820.63 507.028 247.724 25.2228 3431.7 3292.65 1200.01 57.746 388.48 381.419 10736.1 8955.64 1607.24 1229.07 378.164 7348.4 1780.45
internal_count=556053 546968 426646 9085 416745 6892 120322 414557 5160 98085 2193 11036 5017 3658 2107 1551 6019 22237 18164 14969 9043 3304 3192 5055 964 396393 345837 50556 16916 341877 47299 294578 1761 292817 250246 42571 210062 3395 2241 1154 1732 998 87049 1412 29491 22190 7301 547 310 33640 32625 12014 889 1299 1288 84733 75448 10676 8143 2533 64772 9285
is_linear=0
shrinkage=0.05


Tree=2
num_leaves=63
num_cat=0
split_feature=4 4 4 4 4 4 4 4 4 4 4 4 4 4 0 4 0 0 1 4 1 4 0 0 0 4 1 0 4 4 4 1 4 1 1 0 0 0 1 4 0 0 1 4 4 1 1 0 0 0 1 1 0 4 4 4 0 0 0 0 1 4
split_gain=1308.62 178.13 141.963 104.18 67.9523 46.7652 37.6722 35.8136 39.7972 35.1666 53.711 29.2011 143.554 120.236 40.3292 32.4125 31.7474 24.2303 23.4028 22.7121 22.1219 21.6368 34.191 21.1098 22.7605 21.1545 29.6536 20.3053 19.2273 24.3692 18.8641 21.2122 23.0882 18.0954 17.8976 17.6279 25.7851 17.5739 17.2676 17.0334 16.5885 19.73 17.3546 16.569 16.2389 16.1844 15.6057 15.0649 15.5542 15.0112 17.5459 15.1153 15.6286 14.9493 14.5373 21.7164 13.8167 15.0547 14.7586 14.1965 19.7232 13.7106
threshold=2029.0000000000002 2436.0000000000005 1.0000000180025095e-35 434.00000000000006 302.50000000000006 341.50000000000006 2199.0000000000005 3.5000000000000004 33.500000000000007 2706.5000000000005 3040.5000000000005 1136.5000000000002 1110.5000000000002 1242.5000000000002 0.20716894418001178 1153.5000000000002 0.27453984320163732 0.31703564524650579 65.500000000000014 424.00000000000006 52.500000000000007 450.00000000000006 0.12939724326133731 0.08920880034565927 0.096015296876430525 320.00000000000006 4.5000000000000009 -0.0038698199205100532 24.500000000000004 23.500000000000004 880.00000000000011 10.500000000000002 1090.0000000000002 1.0000000180025095e-35 10.500000000000002 0.30560134351253515 0.3534142822027207 0.32213006913661962 17.500000000000004 1101.0000000000002 0.21740616858005526 0.23430986702442172 24.500000000000004 490.00000000000006 694.50000000000011 7.5000000000000009 4.5000000000000009 0.11994297802448274 0.11145009845495225 0.34267069399356848 19.500000000000004 12.500000000000002 0.3665908575057984 552.50000000000011 608.50000000000011 552.50000000000011 0.33320571482181555 0.23560406267642978 0.25237052142620092 0.32731634378433233 93.500000000000014 614.50000000000011
decision_type=2 2 2 2 2 2 2 2 2 2 2 2 2 2 2 2 2 2 2 2 2 2 2 2 2 2 2 2 2 2 2 2 2 2 2 2 2 2 2 2 2 2 2 2 2 2 2 2 2 2 2 2 2 2 2 2 2 2 2 2 2 2
left_child=2 6 -1 4 7 23 -2 -4 28 -3 -11 12 16 15 -14 20 21 -18 30 27 -13 22 -5 25 -25 -6 -27 -7 29 -9 34 32 -32 43 45 -30 -37 -31 -29 -35 -16 -42 -43 -23 49 -19 -24 48 -40 50 -36 -51 -53 -20 55 -54 57 -22 -59 60 -60 -55
right_child=1 9 3 11 5 19 -8 8 -10 10 -12 13 14 -15 40 -17 17 18 53 -21 56 33 46 24 -26 26 -28 38 35 37 31 -33 -34 39 44 36 -38 -39 47 -41 41 42 -44 -45 -46 -47 -48 -49 -50 51 -52 52 54 61 -56 -57 -58 58 59 -61 -62 -63
leaf_value=-0.090125134153069109 0.033646949812576626 0.010387672896971213 0.004621632908407179 0.030618682656810559 -0.021447260049078303 0.028566781756203738 0.054782172002958499 -0.0071223640950967976 -0.0027278337651777534 0.038626174827655735 0.020514796338266569 -0.0026613890878122719 0.034815907084456893 0.0028890469877114831 -0.06290218262055354 -0.023418787302014604 0.014309354162001062 -0.0076290219065296904 0.008385224847478355 -0.019434846016204075 -0.058793245889175207 -0.069699572601203102 -0.099719549256639922 0.025415224470252115 -0.015493573903886483 -0.017174214061833844 -0.078494844307038847 -0.010036121456706662 -0.011633606475936323 0.014452712772790763 0.082703724076855778 0.011386873409413439 -0.007434809126211462 -3.8607421057867573e-05 0.022236960928405596 -0.055153198182935285 -0.0059278697642504577 -0.082575812199016704 0.0057709093063033103 -0.02731767491566213 0.033656120288182205 0.023955267450081464 -0.052403988450929452 -0.011965399598286026 -0.01439634290641394 -0.067740073078881191 -0.00060621278984963954 -0.0041248232064936153 0.047334851007060107 -0.068074020410695157 -0.021719912724353082 0.032883959877245468 -0.0020015057657586485 -0.062757255264878617 0.018631165628597568 -0.10143610717647887 -0.088024853068285877 0.040410500484555106 -0.011915082121213179 0.0599592354257725 -0.10018604099863732 -0.017248930803677631
leaf_weight=46.209914161081542 335.36196926329285 562.97152892779559 1358.4095238584559 144.35086922661867 249.95524798787665 46.39766631834209 567.8128221752122 3094.7150674498407 18732.581102949218 514.25901661999524 2006.7293368251994 458.84945774218068 415.2798212878406 2869.1716400912264 10.789015855640171 658.36182188987732 728.03689840901643 34.507222929038107 45.84591568261385 275.84043325216044 21.167917654849589 13.436748581239952 4.0791939364280543 35.080200434662402 1105.0106334598968 35.71260953694582 44.01282029482536 886.96762013924308 1008.6613622546429 174.18709420296364 23.716004814021289 133.3599598268047 10.142154473811386 8247.3289723814814 34.559469433035702 58.949701927602291 48.482523199403659 4.7951627727597943 248.81040415493771 57.624444652814418 29.603215707466006 12.050831846892835 19.451920740306377 165.38539628556464 91.593901628861204 16.576922016683966 150.47825332905632 771.66084023506846 24.747708144132048 5.1552666164934626 66.166187129449099 102.16192083247006 33.384720067027956 20.248458756133914 79.265381197212264 6.571953563950955 9.4423335064202529 11.791390277445315 23.881624568486586 4.4458543919026843 8.6096264994703215 90.627143073594198
leaf_count=9901 918 1343 18164 988 1996 281 1275 85484 283850 950 4599 2692 984 10809 44 2146 4189 228 385 3223 230 235 78 189 8862 271 487 6972 26873 3878 30 562 50 52098 203 2076 1310 221 2127 560 67 31 88 1027 598 170 1729 6799 155 60 643 579 343 254 609 77 95 60 146 17 103 642
internal_value=3.41981e-11 0.0274055 -0.00253474 -0.00244075 -0.00422568 -0.0105179 0.0469344 -0.00326846 -0.00373199 0.0216862 0.0242094 0.000947712 0.00230828 -0.00266368 0.0288302 -0.0159784 0.00105439 0.00772133 0.00167972 -0.00599393 -0.00687662 -0.0001009 0.0131205 -0.0174571 -0.0142348 -0.0286003 -0.0510266 -0.0041201 -0.00801706 -0.00608492 0.00593732 0.0203599 0.0557029 -0.00056673 0.000805375 -0.0136844 -0.0329386 0.0118532 -0.00490501 -0.000227885 -0.0057445 0.0043474 -0.0231941 -0.0163036 0.00421302 -0.0271352 -0.00322208 -0.000550768 0.00953103 0.00942135 -0.00663809 0.0165618 0.0185327 -0.0156298 0.00623503 -0.0183562 -0.0312551 -0.0235861 -0.00829186 -0.0238391 -0.0353054 -0.0255598
internal_weight=47095.8 3987.13 43108.7 43062.5 28205 3724.2 903.175 24480.8 23122.4 3083.96 2520.99 14857.5 10791.8 4065.72 487.175 1196.55 10304.6 1521.92 793.883 2254.42 538.188 8782.68 298.908 1469.77 1140.09 329.681 79.7254 1978.58 4389.79 3273.7 637.161 167.218 33.8582 8483.78 469.943 1116.09 107.432 178.982 1932.19 8304.95 71.895 61.106 31.5028 178.822 418.859 51.0841 154.557 1045.22 273.558 327.265 100.726 226.539 221.384 156.722 119.222 39.9567 79.3387 69.8964 48.7285 36.9371 32.4913 110.876
internal_count=556053 9085 546968 537067 453218 31362 2193 421856 403692 6892 5549 83849 67551 16298 1214 5489 66337 9622 5433 19557 3343 56715 2795 11805 9051 2754 758 16334 119842 89583 4152 642 80 53920 3510 30259 3386 4099 16053 52658 230 186 119 1262 3112 398 1807 9081 2282 2514 846 1668 1608 1281 1029 420 651 556 326 266 249 896
is_linear=0
shrinkage=0.05


Tree=3
num_leaves=63
num_cat=0
split_feature=4 4 4 4 4 4 4 4 4 2 4 4 0 4 0 4 4 0 4 1 0 0 1 1 2 4 4 0 0 1 0 0 0 0 0 1 4 4 4 1 1 0 0 0 1 4 0 1 0 1 0 1 0 4 4 4 1 1 4 4 4 1
split_gain=1393.07 161.222 157.734 97.483 39.0036 49.0519 28.1281 26.4064 45.8493 26.9807 26.2525 24.2732 22.3965 21.8547 22.6126 19.3863 74.9263 25.4692 75.9688 25.1439 22.006 23.8431 18.3422 18.303 19.8388 18.2498 16.2189 16.1035 16.5652 16.5629 15.8039 23.1441 15.4603 15.354 14.7069 23.4589 22.954 19.9546 45.4811 22.3455 23.4259 14.3936 13.9089 13.8589 13.7529 13.6808 22.949 19.6344 14.1766 13.5105 28.9434 20.87 13.2895 13.001 31.0415 23.0393 23.238 17.6424 17.4661 42.9997 29.212 23.0443
threshold=2029.0000000000002 2436.0000000000005 614.50000000000011 1.0000000180025095e-35 2706.5000000000005 3296.0000000000005 2199.0000000000005 1484.0000000000002 1033.0000000000002 1.0000000180025095e-35 709.50000000000011 730.50000000000011 0.1936752796173096 694.50000000000011 0.32731634378433233 1136.5000000000002 1110.5000000000002 0.27125395834445959 1090.0000000000002 23.500000000000004 0.25370217859745031 0.08920880034565927 65.500000000000014 36.500000000000007 1.0000000180025095e-35 1351.0000000000002 1598.5000000000002 0.032710105180740363 0.38357406854629522 9.5000000000000018 0.27125395834445959 0.23303983360528949 0.022564360871911052 0.041918782517313964 0.29000222682952886 7.5000000000000009 540.00000000000011 518.00000000000011 552.50000000000011 53.500000000000007 12.500000000000002 0.19253939390182498 -0.031290791928768151 0.2105381786823273 41.500000000000007 1090.0000000000002 0.14424680918455127 40.500000000000007 0.21515002101659778 99.500000000000014 0.15535663068294528 67.500000000000014 1.0000000180025095e-35 60.500000000000007 68.500000000000014 58.500000000000007 37.500000000000007 95.500000000000014 71.500000000000014 70.500000000000014 69.500000000000014 12.500000000000002
decision_type=2 2 2 2 2 2 2 2 2 2 2 2 2 2 2 2 2 2 2 2 2 2 2 2 2 2 2 2 2 2 2 2 2 2 2 2 2 2 2 2 2 2 2 2 2 2 2 2 2 2 2 2 2 2 2 2 2 2 2 2 2 2
left_child=2 6 3 -1 -3 -6 -2 8 10 26 13 32 41 23 22 16 17 19 -19 52 21 -21 33 24 -4 -17 -9 29 -29 -26 31 -11 -12 42 53 36 -36 -37 -39 40 -40 -13 -15 -7 -16 -23 -47 -48 -49 51 -51 -34 -10 55 -55 -5 -57 -58 59 60 61 -56
right_child=1 4 7 34 5 43 -8 9 15 30 11 12 -14 14 44 25 -18 18 -20 20 -22 45 -24 -25 27 -27 -28 28 -30 -31 -32 -33 49 -35 35 37 -38 38 39 -41 -42 -43 -44 -45 -46 46 47 48 -50 50 -52 -53 -54 54 58 56 57 -59 -60 -61 -62 -63
leaf_value=-0.086351222652419415 0.03800255549542738 0.012192462443766212 0.0096716680629386244 -0.0058368505642518477 0.035736462123469835 0.015350909876406811 0.057586567271078831 -0.041094347030038808 0.01698382501136108 0.0011517260619014946 -0.044222047704149836 0.0027946905589082195 -0.0079530905332336425 0.067157366626574899 -0.063160935027775464 0.0013638038974957468 0.02972361141565974 0.084360168999123131 0.0083666765413794829 -0.013954815124357454 -0.040477697709035504 0.031873547057159043 -0.013633661563541561 0.01270129470057787 -0.079672133011443241 0.011842552735057091 -0.010570927655683402 -0.0025674501814763107 -0.051886125865572834 -0.013758537500147687 0.014514494966875197 -0.017288011633340813 -0.0073547161756046175 0.027272346491187746 -0.014180295202861851 -0.0015180330974201462 -0.098455815477817343 0.04078750877915608 -0.083492160886994335 -0.038631537111779218 0.0107291715164399 0.058399407964742439 -0.040815750419223903 0.025857974796711439 0.0025718733171048772 -0.080698993470220082 0.032031186811172306 -0.026276474688772949 0.015154709993607527 -0.10085782649808875 0.030031619605174267 -0.041568100399636293 -0.0087971116654007604 0.0061901964886943361 0.0025190420797843002 -0.035472299935793268 0.010642052413215997 -0.055663071217678377 -0.0040807899630118244 -0.045497328721880489 0.014886483985003529 -0.046938854732983537
leaf_weight=36.096321736142272 294.39980268385261 524.68212443031371 266.47194574703462 7695.5961275568116 978.31849165726453 604.37070198729634 486.0605493625626 51.218706109561026 56.437409756239504 1227.0517940906575 30.794179848744534 2165.695633939933 581.34826080081984 3.7211399190127876 12.735189829953013 1193.0174720620271 454.63438455108553 38.35430948343128 230.70230104634538 63.233397731557488 19.554957178421319 132.16643286496401 35.079032406210899 336.34874632861465 14.709089233539997 637.55937295313925 289.5583361228928 431.8570715081878 17.724807667313144 27.071828396990895 175.04533851891756 197.56245541293174 588.85476331529208 295.36124623613432 209.21595999971032 3860.8350454866886 8.4042631590273214 93.338391209952533 6.9233098451513788 34.122486855951138 139.90571904205717 11.701094391755758 15.029003475327043 652.85468942066655 21.21034649387002 6.6394968982785931 79.028066717553884 36.230062700808048 48.00346318911761 4.673740633763372 43.851092223078012 48.222982467152178 437.29704296891578 737.01841052901 44.567785548046231 130.88565240101889 60.995615688385442 12.00731304544024 18928.573537949123 88.477634040405974 102.8773623178713 49.94747073634062
leaf_count=9901 918 1343 1487 179744 2407 1530 1275 275 218 4969 283 11274 3319 8 96 6609 1214 41 1134 244 85 387 165 2094 112 1802 1055 2961 175 131 643 945 3568 936 3081 59439 104 269 100 466 937 37 88 1612 96 50 243 160 172 47 212 297 1991 14150 1088 3127 1092 339 218348 1791 1556 1813
internal_value=-3.84927e-12 0.0301344 -0.00250664 -0.00422918 0.024461 0.0273405 0.0501992 0.00287158 0.00408792 -0.00238464 0.00100974 -0.00136379 0.000765664 0.00659308 0.0168703 0.0085287 0.0125449 0.00573963 0.0191996 0.00161768 0.0111982 0.0139645 0.0206576 0.00299445 -0.00131373 0.00501338 -0.0151586 -0.00727124 -0.00451184 -0.0369636 0.000336609 -0.00140546 -0.00956403 0.0244871 -0.00413713 -0.00143431 -0.0174349 -0.000592245 0.0124389 -0.00218387 0.00628643 0.0030935 -0.0193875 0.020807 -0.0220888 0.019809 0.010424 0.0141297 -0.00266544 -0.00800735 0.0174248 -0.00994447 -0.00585016 -0.00455954 -0.00387979 -0.00627637 -0.0228657 -0.000263625 -0.00426605 -0.0165328 -0.00354991 -0.0236174
internal_weight=46106.2 3540.69 42565.5 32239.8 2760.23 2235.54 780.46 10325.8 8385.32 1940.44 4952.46 3475.14 2758.74 1477.32 383.136 3432.86 1602.28 1147.65 269.057 878.59 384.856 365.301 349.19 1094.18 757.835 1830.58 340.777 491.363 449.582 41.7809 1599.66 1424.61 716.397 314.111 32203.7 4352.75 217.62 4135.12 274.29 180.952 146.829 2177.4 18.7501 1257.23 33.9455 302.068 169.901 163.262 84.2335 685.603 48.5248 637.078 493.734 27850.9 19951.5 7899.48 203.889 73.0029 19214.4 285.87 197.393 94.5153
internal_count=556053 9085 546968 497345 6892 5549 2193 49623 41736 7887 27386 19037 14630 8349 1389 14350 5939 4725 1175 3550 1341 1256 1197 6960 4866 8411 1330 3379 3136 243 6557 5914 4407 1032 487444 64396 3185 61211 1772 1503 1037 11311 96 3142 192 1012 625 575 332 4124 259 3865 2209 423048 238746 184302 4558 1431 224596 6248 4457 2901
is_linear=0
shrinkage=0.05


Tree=4
num_leaves=63
num_cat=0
split_feature=4 4 4 4 4 4 4 4 4 1 4 4 4 4 0 0 4 4 4 0 4 1 0 0 0 0 4 4 4 0 0 1 0 0 0 1 1 0 0 1 1 0 0 1 0 0 1 4 0 0 0 0 0 0 2 4 1 2 0 0 0 0
split_gain=1369.69 162.085 144.593 76.1714 47.5526 28.9888 56.1691 25.5245 40.7519 23.3622 20.6478 26.8386 19.0108 18.5502 17.5049 16.6731 16.1344 61.0923 36.2634 24.1859 98.2337 25.145 51.1361 19.1818 17.4981 15.5082 32.5805 53.0073 25.191 22.2595 19.2931 18.1629 20.3107 20.6575 15.4004 14.8399 13.7967 17.3288 13.7337 13.3546 14.9139 13.2989 22.5367 13.1448 13.0492 12.953 12.703 12.0223 26.0828 20.8086 19.2444 17.1421 13.8396 11.6919 30.6636 29.345 11.4713 11.4562 14.8505 21.9809 16.0394 11.4505
threshold=2029.0000000000002 694.50000000000011 2436.0000000000005 1.0000000180025095e-35 709.50000000000011 2706.5000000000005 3296.0000000000005 1484.0000000000002 1033.0000000000002 65.500000000000014 217.00000000000003 211.50000000000003 2199.0000000000005 381.50000000000006 0.31023757159709936 -0.08078689873218535 1136.5000000000002 1110.5000000000002 1351.0000000000002 0.2059959098696709 1090.0000000000002 24.500000000000004 0.18177212774753573 0.21740616858005526 0.08920880034565927 0.19695775955915454 508.00000000000006 552.50000000000011 523.00000000000011 0.20148105919361117 -0.03888916224241256 68.500000000000014 0.20939693599939349 0.31023757159709936 0.21740616858005526 25.500000000000004 67.500000000000014 0.12939724326133731 0.2128541097044945 89.500000000000014 99.500000000000014 0.27291661500930792 0.25935487449169164 9.5000000000000018 0.27780513465404516 0.25642839074134832 4.5000000000000009 3831.0000000000005 0.16081796586513522 0.15204752981662753 0.1640807315707207 0.13394493609666827 0.15535663068294528 -0.018423650413751599 1.0000000180025095e-35 442.50000000000006 23.500000000000004 1.0000000180025095e-35 0.15640759468078616 0.11273880302906038 0.17629458755254748 0.21394024789333346
decision_type=2 2 2 2 2 2 2 2 2 2 2 2 2 2 2 2 2 2 2 2 2 2 2 2 2 2 2 2 2 2 2 2 2 2 2 2 2 2 2 2 2 2 2 2 2 2 2 2 2 2 2 2 2 2 2 2 2 2 2 2 2 2
left_child=1 3 12 -1 9 -4 36 8 15 -3 11 61 -2 -12 -9 -6 17 19 -18 21 -21 22 57 -22 -23 30 29 28 38 -27 -15 -29 -33 -34 47 -26 -7 -38 -28 -11 -41 42 45 -44 -13 -30 -46 49 -49 51 -50 -8 -51 54 55 -32 -25 -10 59 -59 -60 -5
right_child=2 4 5 10 7 6 34 14 16 39 13 44 -14 25 -16 -17 18 -19 -20 20 23 24 -24 56 35 26 27 31 41 -31 53 32 33 -35 -36 -37 37 -39 -40 40 -42 -43 43 -45 46 -47 -48 48 50 52 -52 -53 -54 -55 -56 -57 -58 58 60 -61 -62 -63
leaf_value=-0.083009864712897882 0.040936747288355779 0.026821642138738985 0.014772157042940196 -0.0038791128334686982 -0.10007129110295354 0.039972626729796568 0.0012147832797954324 -0.0031933754705701007 0.0092093675333280115 -0.046666336293483907 -9.7725759747491865e-05 -0.02548434422871634 0.058020332700344394 0.0097565352642452891 0.022522223689887599 0.00052339070441840467 1.5733465962088145e-05 0.027881503013290784 0.015221126444525324 0.073284507176957794 0.034410342412800381 -0.012277620763443017 -0.075995996762918211 -0.011066212048450402 0.07104711085323083 0.023620128034976182 -0.019164925604206854 -0.0059690546290021044 0.018924401302099596 -0.0086988493330067349 -0.10104544267781951 -0.086500870225235033 0.025321119590647558 -0.019062116098400847 0.027089508464162089 0.015717710459805381 -0.10532465920238923 0.0227835445307462 0.011713015832818266 0.059226353836220172 -0.018129961567178821 0.041342494749196629 0.053044653771368216 -0.07747936972870012 0.081151694179365463 0.079737434172475197 -0.0051362360009249422 0.03261349615350518 -0.082170417152697156 0.079581836549913326 0.0085250752982973035 -0.047613707063336848 0.016373095508891135 -0.0061635916121815654 -0.062047574637719552 0.010831360273211032 0.007929417947878617 -0.017259881045230251 -0.06223918288231798 0.014651854858542144 0.02295426631747741 -0.0063920278195408811
leaf_weight=30.496076538969646 261.60437643434852 299.19340789318085 482.06412674766034 13760.470563472772 4.1242033056914797 797.65747511480004 96.159381475299597 1838.0098488116637 121.52683631889522 17.13611014559865 5301.9229069769499 225.09594270191155 431.38202811125666 189.40343671990559 68.648397907614708 3347.7342063848628 1203.0290652005933 433.08708498999476 581.72069419920444 61.577110507059842 50.00849037989974 56.056052504107356 25.95119762327522 122.03603199310601 13.023702427744864 55.921119133476168 42.630470907781273 800.9605684025446 92.457550463732332 1126.7777352965204 6.6237992616370311 5.0176160028204313 121.13415651628748 33.458004788146354 581.22662793658674 174.41114872088656 2.7291435226798049 80.547614276409149 231.89651912264526 9.7432048693299311 17.283325970172882 115.3015060913749 2.458031687885522 8.9607463772408646 4.7721193730831137 9.6722334958612901 40.157844001892954 213.05852571316063 6.1352455429732791 9.2696086438372713 125.31736355181783 22.106888746842742 131.64624226465821 4078.1845700210542 33.803344625514001 50.917332462966442 227.90395609289408 140.61964194336906 23.374750239308927 87.562985529191792 7.2347839530557385 6760.4025488974294
leaf_count=9901 918 1178 1343 255729 33 2137 216 7684 497 98 53017 3538 1275 1054 203 19004 6609 1214 1802 100 157 240 202 735 26 443 306 5745 442 10822 49 60 563 497 1507 620 18 252 1255 23 90 366 8 95 17 22 538 564 24 15 410 59 347 32979 342 326 1082 558 167 307 34 126191
internal_value=3.21978e-11 -0.00241339 0.0313205 -0.00402497 0.00356468 0.0258127 0.028389 0.00283515 0.00429138 0.0218109 -0.0039522 -0.00491304 0.0515712 -0.00232906 -0.0022675 0.000399617 0.00820971 0.0119516 0.00497177 0.00574348 0.0144957 -0.000473206 -0.00808791 0.0054444 0.0122321 -0.00401777 -0.000998711 0.00398756 0.0171305 -0.00717072 -0.00585087 -0.00289987 0.012502 0.0157154 0.0212802 0.0195622 0.0379508 0.0185852 0.00691807 -0.0121363 0.00975739 0.0293813 0.0172354 -0.0493825 -0.0205736 0.0246837 0.00402861 0.015687 0.0218071 0.00755211 0.00429207 -0.00791247 0.020531 -0.00655985 -0.0242512 -0.00204724 0.00130499 -0.00345418 -0.00940088 -0.00501405 -0.0421031 -0.00470697
internal_weight=45300.8 42059.9 3240.9 33128.9 8931 2547.92 2065.85 8587.64 6680.98 343.356 33098.4 20790.9 692.986 12307.5 1906.66 3351.86 3329.12 1544.37 1784.75 1111.29 461.526 649.761 406.27 399.948 243.491 7005.58 2646.65 1463.95 503.377 1182.7 4358.93 960.57 159.61 154.592 1184.92 187.435 880.934 83.2768 274.527 44.1626 27.0265 228.85 113.549 11.4188 270.026 102.13 44.93 603.693 344.511 259.182 131.453 118.266 140.916 4169.53 91.3445 57.5411 349.94 380.319 258.792 228.183 30.6095 20520.9
internal_count=556053 546968 9085 504305 42663 6892 5549 41274 33387 1389 494404 386013 2193 108391 7887 19037 14350 5939 8411 4725 2074 2651 1765 1974 886 55374 20624 9359 2494 11265 34750 6865 1120 1060 3142 646 2407 270 1561 211 113 933 567 103 4093 464 555 1635 998 637 434 275 362 33696 717 375 1817 1563 1066 865 201 381920
is_linear=0
shrinkage=0.05


end of trees

feature_importances:
article_popularity=149
emb_score=101
user_click_count=55
category_match=5

parameters:
[boosting: gbdt]
[objective: lambdarank]
[metric: ndcg]
[tree_learner: serial]
[device_type: cpu]
[data_sample_strategy: bagging]
[data: ]
[valid: ]
[num_iterations: 200]
[learning_rate: 0.05]
[num_leaves: 63]
[num_threads: 0]
[seed: 42]
[deterministic: 0]
[force_col_wise: 0]
[force_row_wise: 0]
[histogram_pool_size: -1]
[max_depth: -1]
[min_data_in_leaf: 20]
[min_sum_hessian_in_leaf: 0.001]
[bagging_fraction: 1]
[pos_bagging_fraction: 1]
[neg_bagging_fraction: 1]
[bagging_freq: 0]
[bagging_seed: 400]
[bagging_by_query: 0]
[feature_fraction: 1]
[feature_fraction_bynode: 1]
[feature_fraction_seed: 30056]
[extra_trees: 0]
[extra_seed: 12879]
[early_stopping_round: 0]
[early_stopping_min_delta: 0]
[first_metric_only: 0]
[max_delta_step: 0]
[lambda_l1: 0]
[lambda_l2: 0]
[linear_lambda: 0]
[min_gain_to_split: 0]
[drop_rate: 0.1]
[max_drop: 50]
[skip_drop: 0.5]
[xgboost_dart_mode: 0]
[uniform_drop: 0]
[drop_seed: 17869]
[top_rate: 0.2]
[other_rate: 0.1]
[min_data_per_group: 100]
[max_cat_threshold: 32]
[cat_l2: 10]
[cat_smooth: 10]
[max_cat_to_onehot: 4]
[top_k: 20]
[monotone_constraints: ]
[monotone_constraints_method: basic]
[monotone_penalty: 0]
[feature_contri: ]
[forcedsplits_filename: ]
[refit_decay_rate: 0.9]
[cegb_tradeoff: 1]
[cegb_penalty_split: 0]
[cegb_penalty_feature_lazy: ]
[cegb_penalty_feature_coupled: ]
[path_smooth: 0]
[interaction_constraints: ]
[verbosity: -1]
[saved_feature_importance_type: 0]
[use_quantized_grad: 0]
[num_grad_quant_bins: 4]
[quant_train_renew_leaf: 0]
[stochastic_rounding: 1]
[linear_tree: 0]
[max_bin: 255]
[max_bin_by_feature: ]
[min_data_in_bin: 3]
[bin_construct_sample_cnt: 200000]
[data_random_seed: 175]
[is_enable_sparse: 1]
[enable_bundle: 1]
[use_missing: 1]
[zero_as_missing: 0]
[feature_pre_filter: 1]
[pre_partition: 0]
[two_round: 0]
[header: 0]
[label_column: ]
[weight_column: ]
[group_column: ]
[ignore_column: ]
[categorical_feature: ]
[forcedbins_filename: ]
[precise_float_parser: 0]
[parser_config_file: ]
[objective_seed: 16083]
[num_class: 1]
[is_unbalance: 0]
[scale_pos_weight: 1]
[sigmoid: 1]
[boost_from_average: 1]
[reg_sqrt: 0]
[alpha: 0.9]
[fair_c: 1]
[poisson_max_delta_step: 0.7]
[tweedie_variance_power: 1.5]
[lambdarank_truncation_level: 30]
[lambdarank_norm: 1]
[label_gain: ]
[lambdarank_position_bias_regularization: 0]
[eval_at: 5,10]
[multi_error_top_k: 1]
[auc_mu_weights: ]
[num_machines: 1]
[local_listen_port: 12400]
[time_out: 120]
[machine_list_filename: ]
[machines: ]
[gpu_platform_id: -1]
[gpu_device_id: -1]
[gpu_device_id_list: ]
[gpu_use_dp: 0]
[num_gpu: 1]

end of parameters

pandas_categorical:[]
